1.0 0.184 0.0 0.0 0.0 0.0 0.0 0.0 0.0 0.0 0.0 0.0 0.0 0.0 0.0 0.0 0.0 0.404 0.0 0.0 0.0 0.0 0.0 0.0 0.0 0.0 0.0 0.0 0.0 0.0 0.0 0.0 0.0 0.0 0.0 0.0 0.0 0.0 0.261 0.171 0.0 0.0 0.0 0.502 0.173 0.185 0.0 0.0 0.0 0.15 0.179 0.0 0.0 0.0 0.0 0.0 0.0 0.0 0.197 0.0 0.0 0.0 0.203 0.154 0.0 0.0 0.0 0.0 0.0 0.0 0.457 0.0 0.0 0.0 0.0 0.0 0.0 0.159 0.0 0.0 0.0 0.0 0.0 0.0 0.23 0.0 0.269 0.216 0.0 0.0 0.0 0.0 0.0 0.0 0.0 0.341 0.217 0.0 0.0 0.0 0.0 0.0 0.0 0.0
0.184 1.0 0.996 0.0 0.0 0.0 0.0 0.0 0.0 0.0 0.0 0.0 0.0 0.0 0.0 0.517 0.0 0.0 0.0 0.166 0.77 0.764 0.0 0.0 0.0 0.0 0.0 0.0 0.0 0.0 0.0 0.0 0.0 0.0 0.0 0.0 0.0 0.0 0.0 0.0 0.0 0.579 0.0 0.0 0.0 0.0 0.0 0.0 0.188 0.0 0.0 0.0 0.0 0.0 0.0 0.0 0.0 0.0 0.0 0.0 0.0 0.0 0.0 0.0 0.0 0.0 0.0 0.0 0.0 0.0 0.223 0.0 0.0 0.0 0.0 0.0 0.0 0.0 0.0 0.0 0.0 0.0 0.0 0.0 0.0 0.0 0.0 0.215 0.0 0.208 0.0 0.0 0.0 0.222 0.0 0.0 0.0 0.0 0.0 0.0 0.0 0.0 0.165 0.0
0.0 0.996 1.0 0.0 0.0 0.0 0.0 0.0 0.0 0.0 0.0 0.0 0.0 0.0 0.0 0.461 0.0 0.0 0.0 0.0 0.74 0.72 0.0 0.0 0.0 0.0 0.0 0.0 0.0 0.0 0.0 0.0 0.0 0.0 0.0 0.0 0.0 0.0 0.0 0.0 0.233 0.593 0.0 0.0 0.0 0.0 0.0 0.0 0.178 0.0 0.0 0.0 0.0 0.0 0.0 0.0 0.0 0.0 0.0 0.0 0.0 0.0 0.0 0.0 0.0 0.0 0.0 0.0 0.0 0.0 0.153 0.0 0.0 0.0 0.0 0.0 0.0 0.0 0.0 0.0 0.0 0.0 0.0 0.0 0.0 0.0 0.0 0.0 0.0 0.0 0.0 0.0 0.0 0.0 0.0 0.0 0.0 0.0 0.0 0.0 0.0 0.0 0.0 0.0
0.0 0.0 0.0 1.0 0.192 0.0 0.0 0.239 0.0 0.183 0.175 0.187 0.84 0.157 0.0 0.0 0.455 0.0 0.0 0.0 0.0 0.197 0.321 0.0 0.237 0.0 0.179 0.199 0.0 0.184 0.229 0.0 0.199 0.209 0.0 0.0 0.296 0.0 0.0 0.288 0.0 0.176 0.0 0.0 0.435 0.536 0.164 0.171 0.0 0.0 0.0 0.0 0.157 0.0 0.0 0.0 0.303 0.168 0.157 0.16 0.167 0.0 0.0 0.226 0.167 0.223 0.329 0.23 0.403 0.665 0.153 0.0 0.0 0.0 0.0 0.0 0.0 0.274 0.0 0.0 0.0 0.0 0.0 0.0 0.0 0.0 0.0 0.0 0.0 0.0 0.0 0.662 0.0 0.17 0.0 0.0 0.0 0.0 0.0 0.0 0.0 0.0 0.323 0.0
0.0 0.0 0.0 0.192 1.0 0.0 0.199 0.0 0.567 0.0 0.815 0.0 0.0 0.325 0.0 0.0 0.0 0.0 0.0 0.0 0.0 0.0 0.739 0.0 0.423 0.301 0.309 0.285 0.0 0.331 0.0 0.458 0.242 0.226 0.0 0.0 0.222 0.0 0.0 0.0 0.0 0.273 0.459 0.0 0.409 0.373 0.186 0.0 0.183 0.0 0.0 0.0 0.0 0.455 0.0 0.162 0.0 0.242 0.217 0.0 0.546 0.0 0.0 0.509 0.399 0.423 0.699 0.0 0.0 0.232 0.214 0.0 0.0 0.613 0.0 0.0 0.0 0.474 0.0 0.0 0.0 0.0 0.0 0.0 0.0 0.172 0.0 0.0 0.181 0.0 0.255 0.0 0.577 0.164 0.413 0.0 0.0 0.0 0.307 0.0 0.0 0.0 0.173 0.0
0.0 0.0 0.0 0.0 0.0 1.0 0.0 0.345 0.0 0.0 0.0 0.0 0.0 0.0 0.0 0.0 0.0 0.0 0.0 0.0 0.0 0.0 0.0 0.0 0.0 0.0 0.0 0.0 0.0 0.0 0.0 0.0 0.0 0.0 0.0 0.0 0.0 0.0 0.212 0.285 0.0 0.314 0.0 0.0 0.0 0.0 0.0 0.0 0.0 0.0 0.0 0.0 0.16 0.0 0.0 0.0 0.0 0.0 0.0 0.0 0.0 0.0 0.202 0.0 0.0 0.0 0.0 0.0 0.0 0.0 0.0 0.0 0.0 0.0 0.0 0.207 0.0 0.244 0.0 0.0 0.0 0.0 0.0 0.0 0.0 0.0 0.0 0.0 0.0 0.0 0.0 0.0 0.0 0.0 0.0 0.0 0.265 0.0 0.0 0.0 0.0 0.0 0.191 0.0
0.0 0.0 0.0 0.0 0.199 0.0 1.0 0.223 0.0 0.172 0.918 0.197 0.0 0.179 0.0 0.209 0.0 0.0 0.0 0.0 0.229 0.0 0.0 0.271 0.322 0.335 0.171 0.0 0.0 0.157 0.0 0.195 0.263 0.198 0.0 0.0 0.0 0.0 0.0 0.195 0.174 0.0 0.0 0.177 0.301 0.285 0.0 0.207 0.0 0.0 0.0 0.0 0.0 0.248 0.0 0.409 0.0 0.903 0.0 0.0 0.201 0.204 0.0 0.28 0.0 0.289 0.294 0.335 0.0 0.399 0.154 0.0 0.0 0.0 0.0 0.0 0.0 0.0 0.0 0.0 0.0 0.0 0.0 0.0 0.0 0.222 0.0 0.171 0.0 0.0 0.0 0.0 0.0 0.0 0.0 0.0 0.0 0.0 0.0 0.0 0.0 0.0 0.0 0.0
0.0 0.0 0.0 0.239 0.0 0.345 0.223 1.0 0.0 0.0 0.0 0.0 0.0 0.0 0.0 0.0 0.188 0.15 0.0 0.0 0.0 0.238 0.0 0.0 0.0 0.0 0.0 0.0 0.0 0.0 0.0 0.0 0.29 0.21 0.0 0.0 0.231 0.0 0.22 0.165 0.0 0.258 0.0 0.0 0.195 0.177 0.232 0.187 0.246 0.0 0.0 0.0 0.167 0.0 0.0 0.0 0.0 0.188 0.0 0.0 0.0 0.0 0.0 0.0 0.194 0.0 0.0 0.0 0.171 0.295 0.192 0.0 0.0 0.0 0.0 0.0 0.0 0.221 0.0 0.0 0.0 0.153 0.0 0.0 0.152 0.0 0.0 0.0 0.156 0.0 0.0 0.0 0.0 0.164 0.0 0.0 0.193 0.0 0.0 0.0 0.0 0.0 0.293 0.0
0.0 0.0 0.0 0.0 0.567 0.0 0.0 0.0 1.0 0.414 0.649 0.4 0.151 0.426 0.0 0.0 0.0 0.0 0.0 0.0 0.749 0.732 0.205 0.423 0.679 0.174 0.412 0.603 0.0 0.735 0.597 0.353 0.206 0.185 0.0 0.0 0.0 0.0 0.0 0.0 0.791 0.341 0.431 0.0 0.0 0.0 0.0 0.234 0.226 0.0 0.0 0.0 0.0 0.0 0.0 0.0 0.0 0.0 0.0 0.0 0.0 0.0 0.0 0.612 0.0 0.306 0.477 0.359 0.0 0.0 0.184 0.0 0.0 0.0 0.0 0.0 0.0 0.157 0.0 0.0 0.0 0.0 0.0 0.0 0.0 0.257 0.0 0.0 0.759 0.598 0.363 0.0 0.324 0.295 0.797 0.0 0.0 0.0 0.0 0.0 0.0 0.0 0.357 0.0
0.0 0.0 0.0 0.183 0.0 0.0 0.172 0.0 0.414 1.0 0.823 0.866 0.0 0.0 0.0 0.0 0.0 0.0 0.0 0.0 0.0 0.202 0.29 0.242 0.338 0.33 0.242 0.227 0.0 0.327 0.298 0.372 0.221 0.188 0.0 0.0 0.0 0.0 0.0 0.0 0.0 0.251 0.168 0.0 0.154 0.0 0.171 0.0 0.252 0.0 0.0 0.0 0.0 0.326 0.0 0.0 0.0 0.183 0.324 0.266 0.467 0.0 0.0 0.573 0.453 0.393 0.515 0.297 0.0 0.402 0.178 0.0 0.0 0.0 0.0 0.0 0.0 0.398 0.0 0.0 0.0 0.0 0.0 0.0 0.0 0.0 0.231 0.0 0.223 0.151 0.238 0.0 0.0 0.0 0.0 0.0 0.0 0.0 0.0 0.0 0.0 0.0 0.0 0.0
0.0 0.0 0.0 0.175 0.815 0.0 0.918 0.0 0.649 0.823 1.0 0.812 0.19 0.184 0.0 0.0 0.0 0.0 0.0 0.0 0.0 0.0 0.32 0.328 0.592 0.424 0.548 0.195 0.0 0.49 0.593 0.514 0.429 0.267 0.0 0.0 0.18 0.0 0.0 0.0 0.188 0.187 0.0 0.902 0.228 0.201 0.171 0.295 0.312 0.0 0.0 0.0 0.167 0.407 0.0 0.0 0.0 0.906 0.177 0.176 0.458 0.0 0.0 0.604 0.571 0.381 0.551 0.186 0.159 0.24 0.245 0.0 0.0 0.604 0.0 0.0 0.0 0.605 0.0 0.0 0.0 0.183 0.0 0.0 0.0 0.0 0.0 0.0 0.461 0.261 0.242 0.0 0.23 0.0 0.21 0.0 0.0 0.0 0.0 0.0 0.0 0.0 0.272 0.0
0.0 0.0 0.0 0.187 0.0 0.0 0.197 0.0 0.4 0.866 0.812 1.0 0.0 0.0 0.0 0.0 0.0 0.0 0.0 0.0 0.0 0.0 0.0 0.237 0.176 0.161 0.312 0.159 0.0 0.284 0.0 0.0 0.231 0.207 0.0 0.0 0.0 0.0 0.0 0.0 0.0 0.0 0.0 0.0 0.0 0.0 0.19 0.0 0.168 0.0 0.0 0.0 0.0 0.317 0.0 0.173 0.0 0.161 0.0 0.0 0.461 0.0 0.0 0.57 0.408 0.468 0.527 0.197 0.0 0.313 0.0 0.0 0.0 0.0 0.0 0.0 0.0 0.351 0.0 0.0 0.0 0.0 0.0 0.0 0.0 0.0 0.0 0.0 0.271 0.0 0.241 0.0 0.0 0.0 0.0 0.0 0.0 0.0 0.0 0.0 0.0 0.0 0.0 0.0
0.0 0.0 0.0 0.84 0.0 0.0 0.0 0.0 0.151 0.0 0.19 0.0 1.0 0.232 0.0 0.0 0.0 0.0 0.0 0.0 0.0 0.0 0.0 0.0 0.0 0.0 0.0 0.0 0.0 0.16 0.187 0.0 0.0 0.192 0.0 0.0 0.195 0.0 0.0 0.0 0.189 0.0 0.0 0.0 0.202 0.199 0.0 0.0 0.0 0.27 0.0 0.0 0.0 0.0 0.0 0.0 0.0 0.0 0.0 0.0 0.0 0.0 0.0 0.0 0.161 0.0 0.0 0.0 0.452 0.441 0.0 0.0 0.0 0.0 0.0 0.0 0.0 0.271 0.0 0.0 0.0 0.0 0.0 0.0 0.0 0.0 0.0 0.0 0.0 0.0 0.0 0.165 0.0 0.0 0.0 0.0 0.0 0.0 0.0 0.0 0.0 0.0 0.655 0.0
0.0 0.0 0.0 0.157 0.325 0.0 0.179 0.0 0.426 0.0 0.184 0.0 0.232 1.0 0.0 0.0 0.0 0.0 0.0 0.0 0.0 0.0 0.0 0.0 0.197 0.215 0.222 0.252 0.0 0.222 0.294 0.212 0.278 0.247 0.0 0.0 0.171 0.0 0.0 0.155 0.0 0.462 0.0 0.0 0.0 0.0 0.162 0.17 0.188 0.0 0.0 0.0 0.0 0.337 0.0 0.0 0.0 0.0 0.301 0.0 0.498 0.0 0.0 0.576 0.497 0.412 0.701 0.209 0.0 0.225 0.0 0.0 0.0 0.0 0.0 0.0 0.0 0.46 0.0 0.0 0.0 0.15 0.0 0.0 0.0 0.0 0.0 0.0 0.168 0.0 0.217 0.0 0.0 0.0 0.0 0.0 0.0 0.0 0.0 0.0 0.0 0.0 0.0 0.0
0.0 0.0 0.0 0.0 0.0 0.0 0.0 0.0 0.0 0.0 0.0 0.0 0.0 0.0 1.0 0.0 0.0 0.0 0.0 0.297 0.0 0.0 0.0 0.0 0.0 0.0 0.0 0.0 0.0 0.0 0.0 0.0 0.0 0.0 0.0 0.2 0.0 0.0 0.0 0.0 0.0 0.0 0.0 0.0 0.0 0.0 0.0 0.0 0.0 0.928 0.343 0.0 0.0 0.0 0.0 0.0 0.0 0.0 0.0 0.0 0.0 0.0 0.0 0.0 0.0 0.0 0.0 0.0 0.0 0.0 0.183 0.0 0.162 0.297 0.0 0.0 0.0 0.0 0.272 0.0 0.286 0.0 0.97 0.0 0.0 0.0 0.0 0.0 0.0 0.0 0.0 0.485 0.0 0.0 0.0 0.0 0.0 0.0 0.199 0.0 0.0 0.0 0.0 0.0
0.0 0.517 0.461 0.0 0.0 0.0 0.209 0.0 0.0 0.0 0.0 0.0 0.0 0.0 0.0 1.0 0.0 0.0 0.0 0.355 0.25 0.19 0.0 0.0 0.0 0.0 0.0 0.0 0.0 0.0 0.0 0.0 0.0 0.0 0.0 0.0 0.0 0.0 0.0 0.0 0.0 0.655 0.192 0.168 0.0 0.0 0.0 0.0 0.308 0.0 0.0 0.0 0.0 0.0 0.0 0.0 0.318 0.0 0.0 0.0 0.0 0.0 0.0 0.0 0.0 0.0 0.0 0.178 0.0 0.0 0.402 0.0 0.0 0.0 0.0 0.0 0.0 0.0 0.0 0.0 0.0 0.0 0.0 0.0 0.193 0.606 0.0 0.0 0.0 0.803 0.0 0.0 0.0 0.0 0.158 0.0 0.0 0.0 0.166 0.0 0.0 0.0 0.235 0.0
0.0 0.0 0.0 0.455 0.0 0.0 0.0 0.188 0.0 0.0 0.0 0.0 0.0 0.0 0.0 0.0 1.0 0.281 0.0 0.0 0.298 0.194 0.0 0.0 0.0 0.0 0.0 0.0 0.0 0.0 0.0 0.0 0.0 0.0 0.0 0.0 0.318 0.0 0.172 0.155 0.22 0.17 0.158 0.242 0.0 0.0 0.0 0.162 0.0 0.0 0.0 0.175 0.0 0.269 0.229 0.0 0.0 0.0 0.0 0.0 0.0 0.0 0.408 0.0 0.0 0.0 0.0 0.0 0.0 0.0 0.363 0.0 0.0 0.0 0.0 0.0 0.0 0.0 0.0 0.0 0.0 0.0 0.0 0.0 0.0 0.169 0.0 0.457 0.0 0.0 0.0 0.0 0.0 0.0 0.0 0.204 0.0 0.0 0.0 0.0 0.0 0.0 0.321 0.0
0.404 0.0 0.0 0.0 0.0 0.0 0.0 0.15 0.0 0.0 0.0 0.0 0.0 0.0 0.0 0.0 0.281 1.0 0.0 0.0 0.0 0.0 0.0 0.0 0.0 0.0 0.0 0.0 0.0 0.0 0.0 0.188 0.0 0.0 0.284 0.152 0.0 0.0 0.698 0.321 0.0 0.0 0.0 0.565 0.0 0.0 0.0 0.235 0.0 0.163 0.167 0.0 0.254 0.0 0.0 0.0 0.173 0.0 0.0 0.0 0.0 0.0 0.633 0.0 0.0 0.0 0.0 0.0 0.0 0.0 0.649 0.0 0.0 0.286 0.0 0.183 0.161 0.17 0.0 0.0 0.0 0.259 0.0 0.0 0.282 0.153 0.374 0.757 0.0 0.0 0.0 0.0 0.0 0.0 0.0 0.529 0.603 0.0 0.181 0.0 0.0 0.0 0.165 0.942
0.0 0.0 0.0 0.0 0.0 0.0 0.0 0.0 0.0 0.0 0.0 0.0 0.0 0.0 0.0 0.0 0.0 0.0 1.0 0.64 0.0 0.0 0.0 0.0 0.0 0.0 0.0 0.0 0.0 0.0 0.0 0.0 0.0 0.0 0.0 0.0 0.0 0.0 0.0 0.0 0.0 0.202 0.0 0.0 0.0 0.0 0.0 0.0 0.0 0.0 0.0 0.0 0.0 0.0 0.0 0.0 0.0 0.0 0.0 0.0 0.0 0.0 0.0 0.0 0.0 0.0 0.0 0.0 0.0 0.0 0.234 0.0 0.0 0.0 0.0 0.0 0.0 0.268 0.0 0.0 0.0 0.0 0.0 0.0 0.151 0.0 0.0 0.0 0.0 0.0 0.0 0.0 0.0 0.0 0.0 0.0 0.0 0.0 0.0 0.0 0.0 0.0 0.0 0.0
0.0 0.166 0.0 0.0 0.0 0.0 0.0 0.0 0.0 0.0 0.0 0.0 0.0 0.0 0.297 0.355 0.0 0.0 0.64 1.0 0.173 0.0 0.0 0.0 0.0 0.0 0.0 0.0 0.0 0.0 0.0 0.0 0.0 0.0 0.0 0.261 0.0 0.0 0.0 0.0 0.0 0.0 0.0 0.467 0.0 0.0 0.0 0.0 0.0 0.0 0.0 0.0 0.0 0.0 0.0 0.0 0.0 0.0 0.0 0.0 0.0 0.0 0.0 0.0 0.0 0.0 0.0 0.0 0.0 0.0 0.356 0.0 0.0 0.0 0.0 0.0 0.0 0.324 0.0 0.0 0.0 0.0 0.0 0.0 0.151 0.0 0.0 0.0 0.163 0.0 0.0 0.162 0.0 0.0 0.0 0.0 0.204 0.0 0.0 0.0 0.0 0.0 0.0 0.0
0.0 0.77 0.74 0.0 0.0 0.0 0.229 0.0 0.749 0.0 0.0 0.0 0.0 0.0 0.0 0.25 0.298 0.0 0.0 0.173 1.0 0.834 0.0 0.151 0.177 0.0 0.0 0.0 0.0 0.0 0.0 0.188 0.0 0.0 0.0 0.0 0.0 0.0 0.0 0.0 0.826 0.64 0.637 0.151 0.0 0.0 0.0 0.295 0.4 0.0 0.0 0.0 0.0 0.0 0.0 0.0 0.0 0.0 0.0 0.0 0.0 0.0 0.0 0.0 0.0 0.0 0.0 0.0 0.286 0.0 0.263 0.0 0.0 0.165 0.0 0.0 0.0 0.0 0.0 0.0 0.0 0.0 0.0 0.0 0.0 0.707 0.0 0.317 0.655 0.292 0.0 0.0 0.0 0.288 0.615 0.0 0.0 0.0 0.0 0.0 0.0 0.0 0.0 0.0
0.0 0.764 0.72 0.197 0.0 0.0 0.0 0.238 0.732 0.202 0.0 0.0 0.0 0.0 0.0 0.19 0.194 0.0 0.0 0.0 0.834 1.0 0.156 0.0 0.0 0.0 0.0 0.0 0.0 0.0 0.0 0.0 0.0 0.0 0.0 0.0 0.168 0.0 0.235 0.26 0.643 0.641 0.364 0.0 0.0 0.0 0.0 0.196 0.187 0.0 0.0 0.0 0.158 0.0 0.0 0.0 0.0 0.175 0.229 0.0 0.0 0.0 0.0 0.0 0.0 0.0 0.0 0.0 0.0 0.218 0.441 0.0 0.0 0.0 0.0 0.0 0.0 0.0 0.0 0.0 0.0 0.158 0.0 0.0 0.0 0.54 0.0 0.0 0.566 0.19 0.0 0.0 0.0 0.64 0.468 0.0 0.0 0.0 0.0 0.0 0.0 0.0 0.234 0.0
0.0 0.0 0.0 0.321 0.739 0.0 0.0 0.0 0.205 0.29 0.32 0.0 0.0 0.0 0.0 0.0 0.0 0.0 0.0 0.0 0.0 0.156 1.0 0.91 0.917 0.916 0.82 0.805 0.0 0.871 0.64 0.915 0.461 0.618 0.0 0.0 0.192 0.0 0.0 0.0 0.216 0.0 0.0 0.0 0.171 0.517 0.454 0.0 0.0 0.0 0.0 0.0 0.0 0.0 0.0 0.565 0.0 0.0 0.0 0.0 0.264 0.0 0.0 0.257 0.0 0.212 0.236 0.912 0.0 0.23 0.0 0.0 0.0 0.0 0.0 0.0 0.0 0.171 0.0 0.0 0.0 0.0 0.0 0.0 0.0 0.0 0.0 0.0 0.169 0.0 0.821 0.0 0.158 0.155 0.0 0.0 0.0 0.0 0.0 0.0 0.0 0.0 0.247 0.0
0.0 0.0 0.0 0.0 0.0 0.0 0.271 0.0 0.423 0.242 0.328 0.237 0.0 0.0 0.0 0.0 0.0 0.0 0.0 0.0 0.151 0.0 0.91 1.0 0.933 0.925 0.763 0.766 0.0 0.779 0.682 0.926 0.428 0.292 0.0 0.0 0.0 0.0 0.0 0.0 0.224 0.194 0.0 0.0 0.0 0.0 0.193 0.161 0.0 0.0 0.0 0.0 0.0 0.0 0.0 0.212 0.0 0.0 0.0 0.0 0.0 0.0 0.0 0.23 0.0 0.0 0.174 0.937 0.0 0.0 0.161 0.0 0.0 0.0 0.0 0.0 0.0 0.192 0.0 0.0 0.0 0.0 0.0 0.0 0.0 0.0 0.0 0.0 0.209 0.382 0.74 0.0 0.192 0.0 0.0 0.0 0.0 0.0 0.0 0.0 0.0 0.0 0.0 0.0
0.0 0.0 0.0 0.237 0.423 0.0 0.322 0.0 0.679 0.338 0.592 0.176 0.0 0.197 0.0 0.0 0.0 0.0 0.0 0.0 0.177 0.0 0.917 0.933 1.0 0.942 0.971 0.991 0.0 0.987 0.742 0.953 0.544 0.439 0.0 0.0 0.0 0.0 0.0 0.214 0.27 0.497 0.0 0.0 0.176 0.244 0.296 0.172 0.0 0.0 0.0 0.0 0.0 0.0 0.164 0.578 0.0 0.0 0.0 0.0 0.197 0.0 0.0 0.373 0.205 0.0 0.302 0.925 0.0 0.197 0.187 0.0 0.0 0.0 0.0 0.0 0.0 0.249 0.0 0.0 0.0 0.0 0.0 0.0 0.0 0.0 0.0 0.0 0.519 0.475 0.935 0.0 0.25 0.203 0.392 0.0 0.0 0.0 0.0 0.0 0.0 0.0 0.215 0.0
0.0 0.0 0.0 0.0 0.301 0.0 0.335 0.0 0.174 0.33 0.424 0.161 0.0 0.215 0.0 0.0 0.0 0.0 0.0 0.0 0.0 0.0 0.916 0.925 0.942 1.0 0.793 0.724 0.0 0.772 0.691 0.93 0.417 0.34 0.0 0.0 0.0 0.0 0.0 0.181 0.15 0.0 0.0 0.0 0.0 0.242 0.26 0.0 0.0 0.0 0.0 0.0 0.0 0.0 0.0 0.239 0.0 0.0 0.0 0.0 0.15 0.0 0.0 0.29 0.0 0.232 0.236 0.909 0.0 0.0 0.0 0.0 0.0 0.0 0.0 0.0 0.0 0.228 0.0 0.0 0.0 0.0 0.0 0.0 0.0 0.0 0.0 0.0 0.239 0.233 0.765 0.0 0.16 0.0 0.201 0.0 0.0 0.0 0.0 0.0 0.0 0.0 0.174 0.0
0.0 0.0 0.0 0.179 0.309 0.0 0.171 0.0 0.412 0.242 0.548 0.312 0.0 0.222 0.0 0.0 0.0 0.0 0.0 0.0 0.0 0.0 0.82 0.763 0.971 0.793 1.0 0.851 0.0 0.909 0.72 0.835 0.575 0.543 0.0 0.0 0.0 0.0 0.0 0.0 0.254 0.194 0.0 0.0 0.427 0.288 0.419 0.234 0.0 0.0 0.0 0.0 0.0 0.0 0.0 0.509 0.0 0.0 0.321 0.0 0.181 0.0 0.0 0.369 0.0 0.198 0.223 0.727 0.0 0.0 0.0 0.0 0.0 0.0 0.0 0.0 0.0 0.324 0.0 0.0 0.0 0.162 0.0 0.0 0.0 0.0 0.0 0.0 0.417 0.249 0.83 0.0 0.23 0.0 0.249 0.0 0.0 0.0 0.292 0.0 0.0 0.0 0.0 0.0
0.0 0.0 0.0 0.199 0.285 0.0 0.0 0.0 0.603 0.227 0.195 0.159 0.0 0.252 0.0 0.0 0.0 0.0 0.0 0.0 0.0 0.0 0.805 0.766 0.991 0.724 0.851 1.0 0.0 0.929 0.606 0.759 0.431 0.418 0.0 0.0 0.174 0.0 0.0 0.173 0.24 0.464 0.0 0.0 0.175 0.359 0.335 0.0 0.0 0.0 0.0 0.0 0.0 0.0 0.0 0.4 0.0 0.0 0.0 0.0 0.0 0.0 0.0 0.32 0.157 0.0 0.197 0.725 0.0 0.0 0.183 0.0 0.0 0.0 0.0 0.0 0.0 0.297 0.0 0.0 0.0 0.201 0.0 0.0 0.0 0.0 0.0 0.0 0.295 0.333 0.907 0.0 0.0 0.0 0.453 0.0 0.0 0.0 0.292 0.0 0.0 0.0 0.165 0.0
0.0 0.0 0.0 0.0 0.0 0.0 0.0 0.0 0.0 0.0 0.0 0.0 0.0 0.0 0.0 0.0 0.0 0.0 0.0 0.0 0.0 0.0 0.0 0.0 0.0 0.0 0.0 0.0 1.0 0.0 0.0 0.0 0.0 0.0 0.0 0.0 0.0 0.0 0.0 0.0 0.0 0.0 0.0 0.0 0.0 0.0 0.0 0.0 0.0 0.0 0.0 0.0 0.0 0.0 0.0 0.0 0.0 0.0 0.0 0.0 0.0 0.0 0.0 0.0 0.0 0.0 0.0 0.0 0.0 0.0 0.0 0.0 0.0 0.0 0.0 0.0 0.0 0.0 0.0 0.0 0.0 0.0 0.0 0.0 0.0 0.0 0.0 0.0 0.0 0.0 0.0 0.0 0.0 0.0 0.0 0.0 0.0 0.0 0.0 0.0 0.0 0.0 0.0 0.0
0.0 0.0 0.0 0.184 0.331 0.0 0.157 0.0 0.735 0.327 0.49 0.284 0.16 0.222 0.0 0.0 0.0 0.0 0.0 0.0 0.0 0.0 0.871 0.779 0.987 0.772 0.909 0.929 0.0 1.0 0.755 0.811 0.526 0.443 0.0 0.0 0.0 0.0 0.0 0.255 0.303 0.546 0.0 0.0 0.0 0.0 0.254 0.212 0.0 0.0 0.0 0.0 0.0 0.158 0.2 0.298 0.0 0.0 0.0 0.0 0.156 0.0 0.0 0.484 0.0 0.205 0.323 0.733 0.491 0.229 0.0 0.0 0.0 0.0 0.0 0.0 0.0 0.248 0.0 0.0 0.0 0.0 0.0 0.0 0.0 0.0 0.0 0.0 0.501 0.494 0.86 0.0 0.328 0.0 0.334 0.0 0.0 0.0 0.0 0.0 0.0 0.0 0.2 0.0
0.0 0.0 0.0 0.229 0.0 0.0 0.0 0.0 0.597 0.298 0.593 0.0 0.187 0.294 0.0 0.0 0.0 0.0 0.0 0.0 0.0 0.0 0.64 0.682 0.742 0.691 0.72 0.606 0.0 0.755 1.0 0.804 0.534 0.275 0.0 0.0 0.0 0.0 0.0 0.0 0.184 0.435 0.0 0.0 0.0 0.18 0.21 0.394 0.0 0.0 0.0 0.0 0.0 0.269 0.0 0.186 0.0 0.0 0.0 0.0 0.0 0.0 0.0 0.375 0.0 0.193 0.249 0.612 0.0 0.0 0.0 0.0 0.0 0.0 0.0 0.0 0.0 0.296 0.0 0.0 0.0 0.0 0.0 0.0 0.0 0.0 0.0 0.0 0.477 0.445 0.623 0.0 0.23 0.0 0.27 0.0 0.0 0.0 0.0 0.0 0.0 0.0 0.161 0.0
0.0 0.0 0.0 0.0 0.458 0.0 0.195 0.0 0.353 0.372 0.514 0.0 0.0 0.212 0.0 0.0 0.0 0.188 0.0 0.0 0.188 0.0 0.915 0.926 0.953 0.93 0.835 0.759 0.0 0.811 0.804 1.0 0.342 0.397 0.206 0.0 0.2 0.0 0.0 0.0 0.248 0.235 0.0 0.0 0.0 0.282 0.322 0.166 0.222 0.0 0.251 0.0 0.0 0.0 0.0 0.325 0.0 0.0 0.0 0.0 0.19 0.0 0.0 0.286 0.0 0.305 0.208 0.909 0.0 0.165 0.0 0.0 0.0 0.0 0.0 0.0 0.0 0.192 0.0 0.0 0.0 0.0 0.0 0.0 0.0 0.0 0.0 0.0 0.383 0.376 0.734 0.0 0.215 0.192 0.0 0.0 0.0 0.0 0.0 0.0 0.0 0.0 0.213 0.0
0.0 0.0 0.0 0.199 0.242 0.0 0.263 0.29 0.206 0.221 0.429 0.231 0.0 0.278 0.0 0.0 0.0 0.0 0.0 0.0 0.0 0.0 0.461 0.428 0.544 0.417 0.575 0.431 0.0 0.526 0.534 0.342 1.0 0.44 0.0 0.0 0.151 0.0 0.0 0.524 0.204 0.181 0.0 0.186 0.566 0.614 0.46 0.455 0.0 0.0 0.0 0.0 0.258 0.0 0.0 0.282 0.0 0.228 0.0 0.0 0.416 0.0 0.0 0.495 0.422 0.429 0.432 0.322 0.0 0.39 0.287 0.0 0.0 0.0 0.0 0.0 0.0 0.344 0.0 0.0 0.0 0.159 0.0 0.158 0.0 0.0 0.0 0.0 0.194 0.174 0.452 0.0 0.207 0.0 0.0 0.0 0.0 0.0 0.193 0.0 0.0 0.0 0.752 0.0
0.0 0.0 0.0 0.209 0.226 0.0 0.198 0.21 0.185 0.188 0.267 0.207 0.192 0.247 0.0 0.0 0.0 0.0 0.0 0.0 0.0 0.0 0.618 0.292 0.439 0.34 0.543 0.418 0.0 0.443 0.275 0.397 0.44 1.0 0.183 0.0 0.175 0.0 0.0 0.559 0.0 0.269 0.154 0.223 0.62 0.757 0.0 0.258 0.237 0.0 0.0 0.0 0.218 0.166 0.0 0.407 0.0 0.0 0.159 0.453 0.532 0.0 0.0 0.517 0.495 0.437 0.435 0.297 0.158 0.525 0.388 0.0 0.0 0.0 0.0 0.0 0.0 0.451 0.175 0.0 0.0 0.256 0.0 0.0 0.16 0.0 0.0 0.18 0.245 0.251 0.478 0.0 0.292 0.0 0.171 0.0 0.0 0.0 0.455 0.0 0.0 0.0 0.591 0.0
0.0 0.0 0.0 0.0 0.0 0.0 0.0 0.0 0.0 0.0 0.0 0.0 0.0 0.0 0.0 0.0 0.0 0.284 0.0 0.0 0.0 0.0 0.0 0.0 0.0 0.0 0.0 0.0 0.0 0.0 0.0 0.206 0.0 0.183 1.0 0.0 0.0 0.0 0.284 0.235 0.0 0.0 0.0 0.323 0.0 0.168 0.0 0.0 0.0 0.0 0.0 0.0 0.0 0.0 0.0 0.0 0.0 0.0 0.0 0.0 0.0 0.0 0.0 0.0 0.0 0.0 0.0 0.0 0.0 0.0 0.549 0.0 0.219 0.0 0.0 0.0 0.0 0.0 0.174 0.221 0.0 0.0 0.0 0.0 0.202 0.0 0.0 0.529 0.0 0.0 0.0 0.304 0.0 0.0 0.0 0.0 0.161 0.162 0.158 0.0 0.0 0.0 0.284 0.266
0.0 0.0 0.0 0.0 0.0 0.0 0.0 0.0 0.0 0.0 0.0 0.0 0.0 0.0 0.2 0.0 0.0 0.152 0.0 0.261 0.0 0.0 0.0 0.0 0.0 0.0 0.0 0.0 0.0 0.0 0.0 0.0 0.0 0.0 0.0 1.0 0.0 0.0 0.0 0.0 0.0 0.0 0.0 0.0 0.823 0.837 0.0 0.0 0.0 0.0 0.0 0.0 0.0 0.0 0.0 0.0 0.0 0.0 0.0 0.0 0.0 0.0 0.0 0.0 0.0 0.0 0.0 0.0 0.0 0.0 0.281 0.0 0.0 0.0 0.0 0.0 0.0 0.0 0.0 0.0 0.0 0.0 0.0 0.0 0.755 0.0 0.0 0.266 0.0 0.0 0.0 0.155 0.0 0.0 0.0 0.0 0.0 0.0 0.28 0.254 0.157 0.0 0.0 0.0
0.0 0.0 0.0 0.296 0.222 0.0 0.0 0.231 0.0 0.0 0.18 0.0 0.195 0.171 0.0 0.0 0.318 0.0 0.0 0.0 0.0 0.168 0.192 0.0 0.0 0.0 0.0 0.174 0.0 0.0 0.0 0.2 0.151 0.175 0.0 0.0 1.0 0.0 0.0 0.196 0.0 0.0 0.0 0.156 0.382 0.564 0.169 0.156 0.0 0.0 0.0 0.0 0.167 0.0 0.0 0.0 0.0 0.0 0.178 0.0 0.222 0.0 0.0 0.165 0.0 0.245 0.255 0.0 0.187 0.838 0.0 0.0 0.0 0.0 0.0 0.0 0.0 0.193 0.0 0.0 0.0 0.0 0.0 0.0 0.0 0.0 0.0 0.184 0.0 0.0 0.182 0.508 0.0 0.0 0.0 0.0 0.0 0.0 0.0 0.0 0.0 0.0 0.364 0.0
0.0 0.0 0.0 0.0 0.0 0.0 0.0 0.0 0.0 0.0 0.0 0.0 0.0 0.0 0.0 0.0 0.0 0.0 0.0 0.0 0.0 0.0 0.0 0.0 0.0 0.0 0.0 0.0 0.0 0.0 0.0 0.0 0.0 0.0 0.0 0.0 0.0 1.0 0.0 0.0 0.0 0.0 0.0 0.0 0.0 0.0 0.0 0.0 0.0 0.0 0.0 0.0 0.0 0.0 0.0 0.0 0.0 0.0 0.0 0.0 0.0 0.0 0.0 0.0 0.0 0.0 0.0 0.0 0.0 0.0 0.0 0.0 0.0 0.0 0.0 0.0 0.0 0.0 0.0 0.0 0.0 0.0 0.0 0.0 0.0 0.0 0.0 0.0 0.0 0.0 0.0 0.0 0.0 0.0 0.0 0.0 0.0 0.0 0.0 0.0 0.0 0.0 0.0 0.0
0.261 0.0 0.0 0.0 0.0 0.212 0.0 0.22 0.0 0.0 0.0 0.0 0.0 0.0 0.0 0.0 0.172 0.698 0.0 0.0 0.0 0.235 0.0 0.0 0.0 0.0 0.0 0.0 0.0 0.0 0.0 0.0 0.0 0.0 0.284 0.0 0.0 0.0 1.0 0.58 0.0 0.265 0.193 0.716 0.0 0.0 0.0 0.338 0.224 0.285 0.856 0.0 0.394 0.0 0.0 0.0 0.0 0.193 0.276 0.227 0.0 0.0 0.716 0.0 0.18 0.0 0.0 0.0 0.0 0.0 0.771 0.0 0.337 0.437 0.0 0.441 0.168 0.287 0.264 0.0 0.0 0.332 0.0 0.159 0.655 0.0 0.306 0.566 0.0 0.0 0.0 0.0 0.185 0.164 0.0 0.455 0.693 0.155 0.154 0.0 0.0 0.252 0.394 0.405
0.171 0.0 0.0 0.288 0.0 0.285 0.195 0.165 0.0 0.0 0.0 0.0 0.0 0.155 0.0 0.0 0.155 0.321 0.0 0.0 0.0 0.26 0.0 0.0 0.214 0.181 0.0 0.173 0.0 0.255 0.0 0.0 0.524 0.559 0.235 0.0 0.196 0.0 0.58 1.0 0.195 0.161 0.155 0.998 0.309 0.392 0.329 0.432 0.471 0.682 0.926 0.304 0.435 0.232 0.18 0.307 0.0 0.352 0.38 0.266 0.0 0.275 0.218 0.0 0.405 0.0 0.0 0.0 0.166 0.0 0.717 0.0 0.202 0.312 0.0 0.261 0.0 0.515 0.762 0.0 0.0 0.44 0.34 0.913 0.477 0.0 0.0 0.948 0.152 0.0 0.0 0.0 0.434 0.217 0.218 0.165 0.504 0.15 0.236 0.0 0.0 0.0 0.605 0.166
0.0 0.0 0.233 0.0 0.0 0.0 0.174 0.0 0.791 0.0 0.188 0.0 0.189 0.0 0.0 0.0 0.22 0.0 0.0 0.0 0.826 0.643 0.216 0.224 0.27 0.15 0.254 0.24 0.0 0.303 0.184 0.248 0.204 0.0 0.0 0.0 0.0 0.0 0.0 0.195 1.0 0.607 0.626 0.0 0.0 0.0 0.0 0.0 0.218 0.0 0.0 0.29 0.0 0.0 0.0 0.0 0.0 0.0 0.0 0.0 0.0 0.0 0.0 0.0 0.0 0.176 0.221 0.0 0.0 0.0 0.167 0.0 0.0 0.0 0.0 0.0 0.0 0.0 0.0 0.0 0.0 0.0 0.0 0.0 0.0 0.705 0.0 0.198 0.644 0.24 0.0 0.0 0.168 0.158 0.66 0.0 0.0 0.0 0.0 0.0 0.0 0.0 0.0 0.0
0.0 0.579 0.593 0.176 0.273 0.314 0.0 0.258 0.341 0.251 0.187 0.0 0.0 0.462 0.0 0.655 0.17 0.0 0.202 0.0 0.64 0.641 0.0 0.194 0.497 0.0 0.194 0.464 0.0 0.546 0.435 0.235 0.181 0.269 0.0 0.0 0.0 0.0 0.265 0.161 0.607 1.0 0.451 0.0 0.0 0.0 0.0 0.204 0.336 0.0 0.0 0.161 0.0 0.0 0.0 0.0 0.0 0.0 0.0 0.0 0.0 0.0 0.0 0.337 0.0 0.0 0.265 0.173 0.166 0.0 0.225 0.0 0.73 0.0 0.0 0.0 0.0 0.196 0.0 0.0 0.0 0.0 0.0 0.0 0.301 0.512 0.0 0.0 0.574 0.249 0.178 0.0 0.0 0.341 0.3 0.0 0.0 0.0 0.0 0.0 0.0 0.0 0.232 0.0
0.0 0.0 0.0 0.0 0.459 0.0 0.0 0.0 0.431 0.168 0.0 0.0 0.0 0.0 0.0 0.192 0.158 0.0 0.0 0.0 0.637 0.364 0.0 0.0 0.0 0.0 0.0 0.0 0.0 0.0 0.0 0.0 0.0 0.154 0.0 0.0 0.0 0.0 0.193 0.155 0.626 0.451 1.0 0.155 0.0 0.0 0.0 0.174 0.176 0.159 0.0 0.0 0.0 0.0 0.0 0.0 0.0 0.0 0.0 0.0 0.0 0.0 0.0 0.0 0.0 0.0 0.0 0.0 0.0 0.0 0.325 0.0 0.0 0.0 0.0 0.0 0.0 0.0 0.0 0.0 0.0 0.0 0.0 0.0 0.0 0.494 0.0 0.228 0.456 0.188 0.0 0.0 0.0 0.0 0.549 0.0 0.0 0.0 0.202 0.0 0.0 0.0 0.352 0.0
0.502 0.0 0.0 0.0 0.0 0.0 0.177 0.0 0.0 0.0 0.902 0.0 0.0 0.0 0.0 0.168 0.242 0.565 0.0 0.467 0.151 0.0 0.0 0.0 0.0 0.0 0.0 0.0 0.0 0.0 0.0 0.0 0.186 0.223 0.323 0.0 0.156 0.0 0.716 0.998 0.0 0.0 0.155 1.0 0.241 0.193 0.0 0.282 0.372 0.583 0.472 0.0 0.278 0.0 0.0 0.0 0.164 0.183 0.204 0.158 0.0 0.0 0.458 0.0 0.286 0.0 0.0 0.0 0.0 0.0 0.98 0.0 0.209 0.398 0.161 0.345 0.0 0.342 0.867 0.0 0.0 0.286 0.211 0.286 0.439 0.0 0.0 0.958 0.0 0.0 0.0 0.245 0.261 0.0 0.0 0.412 0.969 0.243 0.274 0.0 0.0 0.0 0.392 0.367
0.173 0.0 0.0 0.435 0.409 0.0 0.301 0.195 0.0 0.154 0.228 0.0 0.202 0.0 0.0 0.0 0.0 0.0 0.0 0.0 0.0 0.0 0.171 0.0 0.176 0.0 0.427 0.175 0.0 0.0 0.0 0.0 0.566 0.62 0.0 0.823 0.382 0.0 0.0 0.309 0.0 0.0 0.0 0.241 1.0 0.88 0.56 0.423 0.0 0.0 0.0 0.0 0.378 0.0 0.0 0.575 0.0 0.0 0.0 0.0 0.0 0.284 0.169 0.201 0.357 0.0 0.152 0.0 0.214 0.422 0.305 0.0 0.0 0.0 0.0 0.0 0.0 0.687 0.325 0.0 0.0 0.295 0.0 0.0 0.378 0.0 0.0 0.267 0.183 0.0 0.0 0.154 0.151 0.0 0.0 0.0 0.0 0.0 0.315 0.0 0.0 0.0 0.266 0.0
0.185 0.0 0.0 0.536 0.373 0.0 0.285 0.177 0.0 0.0 0.201 0.0 0.199 0.0 0.0 0.0 0.0 0.0 0.0 0.0 0.0 0.0 0.517 0.0 0.244 0.242 0.288 0.359 0.0 0.0 0.18 0.282 0.614 0.757 0.168 0.837 0.564 0.0 0.0 0.392 0.0 0.0 0.0 0.193 0.88 1.0 0.665 0.234 0.0 0.0 0.0 0.0 0.232 0.0 0.0 0.831 0.0 0.0 0.0 0.0 0.343 0.451 0.0 0.28 0.318 0.203 0.193 0.249 0.255 0.519 0.311 0.0 0.0 0.0 0.0 0.0 0.0 0.628 0.328 0.0 0.0 0.171 0.0 0.0 0.286 0.0 0.0 0.268 0.0 0.0 0.0 0.221 0.0 0.0 0.0 0.0 0.0 0.0 0.38 0.186 0.0 0.0 0.47 0.0
0.0 0.0 0.0 0.164 0.186 0.0 0.0 0.232 0.0 0.171 0.171 0.19 0.0 0.162 0.0 0.0 0.0 0.0 0.0 0.0 0.0 0.0 0.454 0.193 0.296 0.26 0.419 0.335 0.0 0.254 0.21 0.322 0.46 0.0 0.0 0.0 0.169 0.0 0.0 0.329 0.0 0.0 0.0 0.0 0.56 0.665 1.0 0.224 0.0 0.0 0.0 0.0 0.0 0.0 0.0 0.823 0.0 0.0 0.328 0.0 0.296 0.0 0.0 0.42 0.0 0.323 0.29 0.304 0.0 0.508 0.173 0.0 0.0 0.0 0.0 0.0 0.0 0.206 0.0 0.0 0.0 0.167 0.0 0.0 0.0 0.0 0.0 0.0 0.0 0.0 0.278 0.0 0.0 0.0 0.0 0.0 0.0 0.0 0.317 0.0 0.0 0.0 0.209 0.0
0.0 0.0 0.0 0.171 0.0 0.0 0.207 0.187 0.234 0.0 0.295 0.0 0.0 0.17 0.0 0.0 0.162 0.235 0.0 0.0 0.295 0.196 0.0 0.161 0.172 0.0 0.234 0.0 0.0 0.212 0.394 0.166 0.455 0.258 0.0 0.0 0.156 0.0 0.338 0.432 0.0 0.204 0.174 0.282 0.423 0.234 0.224 1.0 0.286 0.0 0.0 0.169 0.448 0.154 0.201 0.0 0.0 0.158 0.203 0.159 0.264 0.0 0.253 0.217 0.25 0.0 0.0 0.0 0.0 0.0 0.323 0.0 0.0 0.153 0.0 0.0 0.474 0.383 0.0 0.0 0.0 0.85 0.0 0.0 0.161 0.0 0.0 0.463 0.235 0.165 0.174 0.0 0.193 0.52 0.0 0.0 0.309 0.0 0.0 0.0 0.0 0.0 0.282 0.0
0.0 0.188 0.178 0.0 0.183 0.0 0.0 0.246 0.226 0.252 0.312 0.168 0.0 0.188 0.0 0.308 0.0 0.0 0.0 0.0 0.4 0.187 0.0 0.0 0.0 0.0 0.0 0.0 0.0 0.0 0.0 0.222 0.0 0.237 0.0 0.0 0.0 0.0 0.224 0.471 0.218 0.336 0.176 0.372 0.0 0.0 0.0 0.286 1.0 0.164 0.196 0.0 0.261 0.0 0.441 0.0 0.0 0.0 0.177 0.0 0.0 0.0 0.0 0.0 0.0 0.0 0.0 0.0 0.0 0.0 0.434 0.0 0.0 0.291 0.0 0.0 0.163 0.0 0.0 0.0 0.0 0.265 0.0 0.342 0.257 0.0 0.0 0.402 0.195 0.276 0.0 0.0 0.175 0.284 0.173 0.0 0.181 0.0 0.0 0.0 0.0 0.0 0.16 0.0
0.15 0.0 0.0 0.0 0.0 0.0 0.0 0.0 0.0 0.0 0.0 0.0 0.27 0.0 0.928 0.0 0.0 0.163 0.0 0.0 0.0 0.0 0.0 0.0 0.0 0.0 0.0 0.0 0.0 0.0 0.0 0.0 0.0 0.0 0.0 0.0 0.0 0.0 0.285 0.682 0.0 0.0 0.159 0.583 0.0 0.0 0.0 0.0 0.164 1.0 0.555 0.0 0.0 0.0 0.0 0.0 0.0 0.0 0.0 0.0 0.0 0.0 0.0 0.0 0.0 0.0 0.0 0.0 0.0 0.0 0.711 0.0 0.0 0.483 0.187 0.0 0.0 0.0 0.673 0.0 0.0 0.19 0.577 0.196 0.285 0.0 0.0 0.261 0.0 0.0 0.0 0.304 0.0 0.0 0.0 0.0 0.323 0.183 0.181 0.242 0.322 0.0 0.0 0.0
0.179 0.0 0.0 0.0 0.0 0.0 0.0 0.0 0.0 0.0 0.0 0.0 0.0 0.0 0.343 0.0 0.0 0.167 0.0 0.0 0.0 0.0 0.0 0.0 0.0 0.0 0.0 0.0 0.0 0.0 0.0 0.251 0.0 0.0 0.0 0.0 0.0 0.0 0.856 0.926 0.0 0.0 0.0 0.472 0.0 0.0 0.0 0.0 0.196 0.555 1.0 0.0 0.0 0.0 0.0 0.0 0.0 0.0 0.0 0.0 0.0 0.0 0.0 0.0 0.0 0.0 0.0 0.0 0.0 0.0 0.604 0.0 0.0 0.919 0.294 0.686 0.606 0.0 0.237 0.0 0.0 0.0 0.0 0.214 0.0 0.0 0.606 0.25 0.0 0.0 0.218 0.0 0.0 0.0 0.0 0.0 0.919 0.0 0.0 0.0 0.0 0.0 0.174 0.0
0.0 0.0 0.0 0.0 0.0 0.0 0.0 0.0 0.0 0.0 0.0 0.0 0.0 0.0 0.0 0.0 0.175 0.0 0.0 0.0 0.0 0.0 0.0 0.0 0.0 0.0 0.0 0.0 0.0 0.0 0.0 0.0 0.0 0.0 0.0 0.0 0.0 0.0 0.0 0.304 0.29 0.161 0.0 0.0 0.0 0.0 0.0 0.169 0.0 0.0 0.0 1.0 0.0 0.477 0.317 0.0 0.0 0.0 0.0 0.0 0.0 0.0 0.0 0.0 0.0 0.0 0.0 0.0 0.0 0.0 0.0 0.0 0.0 0.712 0.0 0.0 0.0 0.153 0.0 0.0 0.0 0.161 0.0 0.0 0.0 0.333 0.0 0.238 0.0 0.0 0.168 0.0 0.177 0.0 0.0 0.0 0.0 0.0 0.0 0.0 0.0 0.0 0.0 0.0
0.0 0.0 0.0 0.157 0.0 0.16 0.0 0.167 0.0 0.0 0.167 0.0 0.0 0.0 0.0 0.0 0.0 0.254 0.0 0.0 0.0 0.158 0.0 0.0 0.0 0.0 0.0 0.0 0.0 0.0 0.0 0.0 0.258 0.218 0.0 0.0 0.167 0.0 0.394 0.435 0.0 0.0 0.0 0.278 0.378 0.232 0.0 0.448 0.261 0.0 0.0 0.0 1.0 0.0 0.0 0.0 0.0 0.0 0.0 0.0 0.0 0.0 0.324 0.0 0.202 0.0 0.0 0.0 0.0 0.0 0.345 0.0 0.0 0.203 0.0 0.293 0.0 0.309 0.0 0.0 0.0 0.296 0.0 0.0 0.0 0.0 0.0 0.394 0.0 0.0 0.0 0.0 0.0 0.519 0.0 0.0 0.323 0.0 0.0 0.0 0.0 0.335 0.228 0.0
0.0 0.0 0.0 0.0 0.455 0.0 0.248 0.0 0.0 0.326 0.407 0.317 0.0 0.337 0.0 0.0 0.269 0.0 0.0 0.0 0.0 0.0 0.0 0.0 0.0 0.0 0.0 0.0 0.0 0.158 0.269 0.0 0.0 0.166 0.0 0.0 0.0 0.0 0.0 0.232 0.0 0.0 0.0 0.0 0.0 0.0 0.0 0.154 0.0 0.0 0.0 0.477 0.0 1.0 0.406 0.0 0.0 0.0 0.0 0.0 0.0 0.0 0.0 0.0 0.0 0.0 0.0 0.0 0.0 0.0 0.0 0.0 0.0 0.0 0.167 0.0 0.0 0.0 0.0 0.0 0.0 0.0 0.0 0.0 0.0 0.17 0.0 0.306 0.169 0.0 0.0 0.0 0.152 0.39 0.0 0.0 0.0 0.152 0.0 0.0 0.0 0.0 0.0 0.0
0.0 0.0 0.0 0.0 0.0 0.0 0.0 0.0 0.0 0.0 0.0 0.0 0.0 0.0 0.0 0.0 0.229 0.0 0.0 0.0 0.0 0.0 0.0 0.0 0.164 0.0 0.0 0.0 0.0 0.2 0.0 0.0 0.0 0.0 0.0 0.0 0.0 0.0 0.0 0.18 0.0 0.0 0.0 0.0 0.0 0.0 0.0 0.201 0.441 0.0 0.0 0.317 0.0 0.406 1.0 0.0 0.0 0.0 0.0 0.0 0.0 0.0 0.0 0.0 0.0 0.249 0.0 0.0 0.0 0.0 0.0 0.0 0.0 0.0 0.0 0.0 0.0 0.0 0.0 0.0 0.0 0.0 0.0 0.0 0.0 0.21 0.0 0.173 0.191 0.0 0.238 0.0 0.0 0.0 0.0 0.0 0.0 0.0 0.0 0.0 0.0 0.0 0.0 0.0
0.0 0.0 0.0 0.0 0.162 0.0 0.409 0.0 0.0 0.0 0.0 0.173 0.0 0.0 0.0 0.0 0.0 0.0 0.0 0.0 0.0 0.0 0.565 0.212 0.578 0.239 0.509 0.4 0.0 0.298 0.186 0.325 0.282 0.407 0.0 0.0 0.0 0.0 0.0 0.307 0.0 0.0 0.0 0.0 0.575 0.831 0.823 0.0 0.0 0.0 0.0 0.0 0.0 0.0 0.0 1.0 0.0 0.0 0.252 0.0 0.478 0.184 0.0 0.468 0.183 0.406 0.319 0.271 0.0 0.505 0.158 0.0 0.0 0.0 0.0 0.0 0.0 0.0 0.0 0.0 0.0 0.0 0.0 0.0 0.0 0.0 0.0 0.0 0.0 0.0 0.266 0.0 0.0 0.0 0.183 0.0 0.0 0.0 0.45 0.0 0.0 0.0 0.295 0.0
0.0 0.0 0.0 0.303 0.0 0.0 0.0 0.0 0.0 0.0 0.0 0.0 0.0 0.0 0.0 0.318 0.0 0.173 0.0 0.0 0.0 0.0 0.0 0.0 0.0 0.0 0.0 0.0 0.0 0.0 0.0 0.0 0.0 0.0 0.0 0.0 0.0 0.0 0.0 0.0 0.0 0.0 0.0 0.164 0.0 0.0 0.0 0.0 0.0 0.0 0.0 0.0 0.0 0.0 0.0 0.0 1.0 0.0 0.0 0.0 0.0 0.0 0.182 0.0 0.0 0.0 0.0 0.0 0.0 0.0 0.311 0.0 0.0 0.0 0.0 0.0 0.0 0.0 0.0 0.0 0.0 0.0 0.0 0.0 0.228 0.0 0.0 0.207 0.0 0.318 0.0 0.0 0.0 0.0 0.0 0.0 0.0 0.0 0.198 0.0 0.0 0.0 0.681 0.0
0.0 0.0 0.0 0.168 0.242 0.0 0.903 0.188 0.0 0.183 0.906 0.161 0.0 0.0 0.0 0.0 0.0 0.0 0.0 0.0 0.0 0.175 0.0 0.0 0.0 0.0 0.0 0.0 0.0 0.0 0.0 0.0 0.228 0.0 0.0 0.0 0.0 0.0 0.193 0.352 0.0 0.0 0.0 0.183 0.0 0.0 0.0 0.158 0.0 0.0 0.0 0.0 0.0 0.0 0.0 0.0 0.0 1.0 0.384 0.286 0.0 0.0 0.0 0.0 0.0 0.0 0.0 0.0 0.0 0.0 0.302 0.0 0.0 0.0 0.0 0.0 0.0 0.0 0.0 0.0 0.0 0.0 0.0 0.0 0.0 0.0 0.0 0.159 0.0 0.0 0.0 0.0 0.0 0.24 0.0 0.0 0.203 0.0 0.0 0.0 0.0 0.0 0.323 0.0
0.197 0.0 0.0 0.157 0.217 0.0 0.0 0.0 0.0 0.324 0.177 0.0 0.0 0.301 0.0 0.0 0.0 0.0 0.0 0.0 0.0 0.229 0.0 0.0 0.0 0.0 0.321 0.0 0.0 0.0 0.0 0.0 0.0 0.159 0.0 0.0 0.178 0.0 0.276 0.38 0.0 0.0 0.0 0.204 0.0 0.0 0.328 0.203 0.177 0.0 0.0 0.0 0.0 0.0 0.0 0.252 0.0 0.384 1.0 0.266 0.0 0.0 0.223 0.0 0.0 0.0 0.0 0.0 0.0 0.0 0.392 0.0 0.0 0.0 0.0 0.0 0.0 0.0 0.0 0.0 0.0 0.155 0.0 0.0 0.0 0.0 0.0 0.245 0.0 0.0 0.0 0.0 0.0 0.233 0.0 0.0 0.235 0.0 0.0 0.0 0.0 0.0 0.297 0.0
0.0 0.0 0.0 0.16 0.0 0.0 0.0 0.0 0.0 0.266 0.176 0.0 0.0 0.0 0.0 0.0 0.0 0.0 0.0 0.0 0.0 0.0 0.0 0.0 0.0 0.0 0.0 0.0 0.0 0.0 0.0 0.0 0.0 0.453 0.0 0.0 0.0 0.0 0.227 0.266 0.0 0.0 0.0 0.158 0.0 0.0 0.0 0.159 0.0 0.0 0.0 0.0 0.0 0.0 0.0 0.0 0.0 0.286 0.266 1.0 0.0 0.0 0.159 0.0 0.0 0.0 0.0 0.0 0.234 0.0 0.199 0.0 0.0 0.0 0.0 0.0 0.0 0.0 0.0 0.0 0.0 0.235 0.0 0.0 0.202 0.0 0.0 0.32 0.0 0.0 0.0 0.0 0.0 0.0 0.0 0.0 0.188 0.0 0.0 0.0 0.0 0.0 0.602 0.0
0.0 0.0 0.0 0.167 0.546 0.0 0.201 0.0 0.0 0.467 0.458 0.461 0.0 0.498 0.0 0.0 0.0 0.0 0.0 0.0 0.0 0.0 0.264 0.0 0.197 0.15 0.181 0.0 0.0 0.156 0.0 0.19 0.416 0.532 0.0 0.0 0.222 0.0 0.0 0.0 0.0 0.0 0.0 0.0 0.0 0.343 0.296 0.264 0.0 0.0 0.0 0.0 0.0 0.0 0.0 0.478 0.0 0.0 0.0 0.0 1.0 0.187 0.0 0.918 0.405 0.833 0.937 0.0 0.0 0.214 0.15 0.0 0.0 0.0 0.0 0.0 0.0 0.473 0.0 0.0 0.0 0.0 0.0 0.0 0.0 0.0 0.0 0.0 0.0 0.0 0.0 0.0 0.0 0.155 0.0 0.0 0.0 0.0 0.209 0.0 0.0 0.0 0.19 0.0
0.0 0.0 0.0 0.0 0.0 0.0 0.204 0.0 0.0 0.0 0.0 0.0 0.0 0.0 0.0 0.0 0.0 0.0 0.0 0.0 0.0 0.0 0.0 0.0 0.0 0.0 0.0 0.0 0.0 0.0 0.0 0.0 0.0 0.0 0.0 0.0 0.0 0.0 0.0 0.275 0.0 0.0 0.0 0.0 0.284 0.451 0.0 0.0 0.0 0.0 0.0 0.0 0.0 0.0 0.0 0.184 0.0 0.0 0.0 0.0 0.187 1.0 0.0 0.0 0.0 0.0 0.0 0.0 0.0 0.155 0.151 0.0 0.0 0.0 0.0 0.0 0.0 0.0 0.0 0.0 0.0 0.0 0.0 0.0 0.0 0.0 0.0 0.0 0.0 0.0 0.0 0.0 0.0 0.0 0.0 0.0 0.0 0.0 0.0 0.0 0.0 0.0 0.195 0.0
0.203 0.0 0.0 0.0 0.0 0.202 0.0 0.0 0.0 0.0 0.0 0.0 0.0 0.0 0.0 0.0 0.408 0.633 0.0 0.0 0.0 0.0 0.0 0.0 0.0 0.0 0.0 0.0 0.0 0.0 0.0 0.0 0.0 0.0 0.0 0.0 0.0 0.0 0.716 0.218 0.0 0.0 0.0 0.458 0.169 0.0 0.0 0.253 0.0 0.0 0.0 0.0 0.324 0.0 0.0 0.0 0.182 0.0 0.223 0.159 0.0 0.0 1.0 0.0 0.0 0.0 0.0 0.0 0.0 0.0 0.555 0.0 0.0 0.277 0.0 0.308 0.316 0.316 0.0 0.0 0.0 0.257 0.0 0.0 0.272 0.0 0.357 0.587 0.0 0.0 0.0 0.0 0.306 0.0 0.0 0.4 0.516 0.0 0.236 0.151 0.0 0.0 0.315 0.512
0.154 0.0 0.0 0.226 0.509 0.0 0.28 0.0 0.612 0.573 0.604 0.57 0.0 0.576 0.0 0.0 0.0 0.0 0.0 0.0 0.0 0.0 0.257 0.23 0.373 0.29 0.369 0.32 0.0 0.484 0.375 0.286 0.495 0.517 0.0 0.0 0.165 0.0 0.0 0.0 0.0 0.337 0.0 0.0 0.201 0.28 0.42 0.217 0.0 0.0 0.0 0.0 0.0 0.0 0.0 0.468 0.0 0.0 0.0 0.0 0.918 0.0 0.0 1.0 0.333 0.614 0.941 0.19 0.0 0.162 0.0 0.0 0.0 0.0 0.0 0.0 0.0 0.521 0.0 0.0 0.0 0.0 0.0 0.0 0.0 0.0 0.0 0.0 0.344 0.446 0.217 0.0 0.172 0.0 0.349 0.0 0.0 0.0 0.317 0.0 0.0 0.0 0.179 0.0
0.0 0.0 0.0 0.167 0.399 0.0 0.0 0.194 0.0 0.453 0.571 0.408 0.161 0.497 0.0 0.0 0.0 0.0 0.0 0.0 0.0 0.0 0.0 0.0 0.205 0.0 0.0 0.157 0.0 0.0 0.0 0.0 0.422 0.495 0.0 0.0 0.0 0.0 0.18 0.405 0.0 0.0 0.0 0.286 0.357 0.318 0.0 0.25 0.0 0.0 0.0 0.0 0.202 0.0 0.0 0.183 0.0 0.0 0.0 0.0 0.405 0.0 0.0 0.333 1.0 0.219 0.384 0.0 0.0 0.0 0.503 0.0 0.0 0.0 0.0 0.0 0.0 0.927 0.0 0.383 0.0 0.205 0.0 0.0 0.551 0.0 0.0 0.238 0.0 0.0 0.0 0.0 0.61 0.167 0.225 0.0 0.0 0.0 0.0 0.0 0.0 0.0 0.37 0.0
0.0 0.0 0.0 0.223 0.423 0.0 0.289 0.0 0.306 0.393 0.381 0.468 0.0 0.412 0.0 0.0 0.0 0.0 0.0 0.0 0.0 0.0 0.212 0.0 0.0 0.232 0.198 0.0 0.0 0.205 0.193 0.305 0.429 0.437 0.0 0.0 0.245 0.0 0.0 0.0 0.176 0.0 0.0 0.0 0.0 0.203 0.323 0.0 0.0 0.0 0.0 0.0 0.0 0.0 0.249 0.406 0.0 0.0 0.0 0.0 0.833 0.0 0.0 0.614 0.219 1.0 0.564 0.0 0.0 0.0 0.0 0.0 0.0 0.0 0.0 0.0 0.0 0.371 0.0 0.0 0.0 0.0 0.0 0.0 0.0 0.0 0.0 0.0 0.0 0.0 0.174 0.0 0.0 0.216 0.0 0.0 0.0 0.0 0.203 0.0 0.0 0.0 0.0 0.0
0.0 0.0 0.0 0.329 0.699 0.0 0.294 0.0 0.477 0.515 0.551 0.527 0.0 0.701 0.0 0.0 0.0 0.0 0.0 0.0 0.0 0.0 0.236 0.174 0.302 0.236 0.223 0.197 0.0 0.323 0.249 0.208 0.432 0.435 0.0 0.0 0.255 0.0 0.0 0.0 0.221 0.265 0.0 0.0 0.152 0.193 0.29 0.0 0.0 0.0 0.0 0.0 0.0 0.0 0.0 0.319 0.0 0.0 0.0 0.0 0.937 0.0 0.0 0.941 0.384 0.564 1.0 0.0 0.0 0.0 0.0 0.0 0.0 0.0 0.0 0.0 0.0 0.618 0.0 0.0 0.0 0.0 0.0 0.0 0.0 0.0 0.0 0.0 0.277 0.317 0.0 0.0 0.0 0.0 0.245 0.0 0.0 0.0 0.233 0.0 0.0 0.0 0.0 0.0
0.0 0.0 0.0 0.23 0.0 0.0 0.335 0.0 0.359 0.297 0.186 0.197 0.0 0.209 0.0 0.178 0.0 0.0 0.0 0.0 0.0 0.0 0.912 0.937 0.925 0.909 0.727 0.725 0.0 0.733 0.612 0.909 0.322 0.297 0.0 0.0 0.0 0.0 0.0 0.0 0.0 0.173 0.0 0.0 0.0 0.249 0.304 0.0 0.0 0.0 0.0 0.0 0.0 0.0 0.0 0.271 0.0 0.0 0.0 0.0 0.0 0.0 0.0 0.19 0.0 0.0 0.0 1.0 0.0 0.0 0.185 0.0 0.0 0.0 0.0 0.0 0.0 0.0 0.0 0.0 0.0 0.0 0.0 0.0 0.0 0.0 0.0 0.0 0.256 0.151 0.719 0.0 0.156 0.0 0.22 0.0 0.0 0.0 0.0 0.0 0.0 0.0 0.0 0.0
0.0 0.0 0.0 0.403 0.0 0.0 0.0 0.171 0.0 0.0 0.159 0.0 0.452 0.0 0.0 0.0 0.0 0.0 0.0 0.0 0.286 0.0 0.0 0.0 0.0 0.0 0.0 0.0 0.0 0.491 0.0 0.0 0.0 0.158 0.0 0.0 0.187 0.0 0.0 0.166 0.0 0.166 0.0 0.0 0.214 0.255 0.0 0.0 0.0 0.0 0.0 0.0 0.0 0.0 0.0 0.0 0.0 0.0 0.0 0.234 0.0 0.0 0.0 0.0 0.0 0.0 0.0 0.0 1.0 0.347 0.0 0.0 0.0 0.0 0.0 0.0 0.0 0.386 0.0 0.0 0.0 0.0 0.0 0.0 0.0 0.0 0.0 0.0 0.0 0.0 0.0 0.0 0.0 0.0 0.0 0.0 0.0 0.0 0.0 0.0 0.0 0.0 0.325 0.0
0.0 0.0 0.0 0.665 0.232 0.0 0.399 0.295 0.0 0.402 0.24 0.313 0.441 0.225 0.0 0.0 0.0 0.0 0.0 0.0 0.0 0.218 0.23 0.0 0.197 0.0 0.0 0.0 0.0 0.229 0.0 0.165 0.39 0.525 0.0 0.0 0.838 0.0 0.0 0.0 0.0 0.0 0.0 0.0 0.422 0.519 0.508 0.0 0.0 0.0 0.0 0.0 0.0 0.0 0.0 0.505 0.0 0.0 0.0 0.0 0.214 0.155 0.0 0.162 0.0 0.0 0.0 0.0 0.347 1.0 0.0 0.0 0.0 0.0 0.0 0.0 0.0 0.0 0.0 0.0 0.0 0.0 0.0 0.0 0.0 0.0 0.0 0.0 0.0 0.0 0.167 0.0 0.0 0.279 0.0 0.0 0.0 0.0 0.221 0.0 0.0 0.0 0.292 0.0
0.457 0.223 0.153 0.153 0.214 0.0 0.154 0.192 0.184 0.178 0.245 0.0 0.0 0.0 0.183 0.402 0.363 0.649 0.234 0.356 0.263 0.441 0.0 0.161 0.187 0.0 0.0 0.183 0.0 0.0 0.0 0.0 0.287 0.388 0.549 0.281 0.0 0.0 0.771 0.717 0.167 0.225 0.325 0.98 0.305 0.311 0.173 0.323 0.434 0.711 0.604 0.0 0.345 0.0 0.0 0.158 0.311 0.302 0.392 0.199 0.15 0.151 0.555 0.0 0.503 0.0 0.0 0.185 0.0 0.0 1.0 0.0 0.418 0.459 0.212 0.632 0.159 0.424 0.648 0.0 0.324 0.33 0.219 0.351 0.665 0.193 0.25 0.974 0.194 0.31 0.0 0.403 0.785 0.295 0.183 0.528 0.683 0.439 0.181 0.208 0.0 0.0 0.535 0.558
0.0 0.0 0.0 0.0 0.0 0.0 0.0 0.0 0.0 0.0 0.0 0.0 0.0 0.0 0.0 0.0 0.0 0.0 0.0 0.0 0.0 0.0 0.0 0.0 0.0 0.0 0.0 0.0 0.0 0.0 0.0 0.0 0.0 0.0 0.0 0.0 0.0 0.0 0.0 0.0 0.0 0.0 0.0 0.0 0.0 0.0 0.0 0.0 0.0 0.0 0.0 0.0 0.0 0.0 0.0 0.0 0.0 0.0 0.0 0.0 0.0 0.0 0.0 0.0 0.0 0.0 0.0 0.0 0.0 0.0 0.0 1.0 0.0 0.0 0.0 0.0 0.0 0.0 0.0 0.0 0.0 0.0 0.0 0.0 0.0 0.0 0.0 0.0 0.0 0.0 0.0 0.0 0.0 0.0 0.0 0.0 0.0 0.0 0.0 0.0 0.0 0.0 0.0 0.0
0.0 0.0 0.0 0.0 0.0 0.0 0.0 0.0 0.0 0.0 0.0 0.0 0.0 0.0 0.162 0.0 0.0 0.0 0.0 0.0 0.0 0.0 0.0 0.0 0.0 0.0 0.0 0.0 0.0 0.0 0.0 0.0 0.0 0.0 0.219 0.0 0.0 0.0 0.337 0.202 0.0 0.73 0.0 0.209 0.0 0.0 0.0 0.0 0.0 0.0 0.0 0.0 0.0 0.0 0.0 0.0 0.0 0.0 0.0 0.0 0.0 0.0 0.0 0.0 0.0 0.0 0.0 0.0 0.0 0.0 0.418 0.0 1.0 0.0 0.0 0.0 0.0 0.16 0.204 0.0 0.0 0.0 0.0 0.0 0.207 0.0 0.0 0.173 0.0 0.0 0.0 0.156 0.188 0.0 0.0 0.0 0.0 0.0 0.0 0.0 0.0 0.0 0.0 0.0
0.0 0.0 0.0 0.0 0.613 0.0 0.0 0.0 0.0 0.0 0.604 0.0 0.0 0.0 0.297 0.0 0.0 0.286 0.0 0.0 0.165 0.0 0.0 0.0 0.0 0.0 0.0 0.0 0.0 0.0 0.0 0.0 0.0 0.0 0.0 0.0 0.0 0.0 0.437 0.312 0.0 0.0 0.0 0.398 0.0 0.0 0.0 0.153 0.291 0.483 0.919 0.712 0.203 0.0 0.0 0.0 0.0 0.0 0.0 0.0 0.0 0.0 0.277 0.0 0.0 0.0 0.0 0.0 0.0 0.0 0.459 0.0 0.0 1.0 0.268 0.77 0.0 0.0 0.237 0.0 0.0 0.205 0.0 0.268 0.0 0.0 0.168 0.344 0.0 0.0 0.0 0.0 0.0 0.0 0.0 0.0 0.297 0.0 0.0 0.0 0.0 0.0 0.233 0.17
0.0 0.0 0.0 0.0 0.0 0.0 0.0 0.0 0.0 0.0 0.0 0.0 0.0 0.0 0.0 0.0 0.0 0.0 0.0 0.0 0.0 0.0 0.0 0.0 0.0 0.0 0.0 0.0 0.0 0.0 0.0 0.0 0.0 0.0 0.0 0.0 0.0 0.0 0.0 0.0 0.0 0.0 0.0 0.161 0.0 0.0 0.0 0.0 0.0 0.187 0.294 0.0 0.0 0.167 0.0 0.0 0.0 0.0 0.0 0.0 0.0 0.0 0.0 0.0 0.0 0.0 0.0 0.0 0.0 0.0 0.212 0.0 0.0 0.268 1.0 0.244 0.0 0.0 0.0 0.0 0.0 0.0 0.0 0.213 0.0 0.0 0.0 0.0 0.0 0.0 0.0 0.172 0.0 0.0 0.0 0.0 0.0 0.0 0.0 0.0 0.0 0.0 0.0 0.0
0.0 0.0 0.0 0.0 0.0 0.207 0.0 0.0 0.0 0.0 0.0 0.0 0.0 0.0 0.0 0.0 0.0 0.183 0.0 0.0 0.0 0.0 0.0 0.0 0.0 0.0 0.0 0.0 0.0 0.0 0.0 0.0 0.0 0.0 0.0 0.0 0.0 0.0 0.441 0.261 0.0 0.0 0.0 0.345 0.0 0.0 0.0 0.0 0.0 0.0 0.686 0.0 0.293 0.0 0.0 0.0 0.0 0.0 0.0 0.0 0.0 0.0 0.308 0.0 0.0 0.0 0.0 0.0 0.0 0.0 0.632 0.0 0.0 0.77 0.244 1.0 0.17 0.0 0.0 0.0 0.0 0.0 0.0 0.0 0.0 0.0 0.0 0.267 0.0 0.0 0.0 0.0 0.17 0.0 0.0 0.0 0.242 0.0 0.0 0.0 0.0 0.362 0.0 0.197
0.0 0.0 0.0 0.0 0.0 0.0 0.0 0.0 0.0 0.0 0.0 0.0 0.0 0.0 0.0 0.0 0.0 0.161 0.0 0.0 0.0 0.0 0.0 0.0 0.0 0.0 0.0 0.0 0.0 0.0 0.0 0.0 0.0 0.0 0.0 0.0 0.0 0.0 0.168 0.0 0.0 0.0 0.0 0.0 0.0 0.0 0.0 0.474 0.163 0.0 0.606 0.0 0.0 0.0 0.0 0.0 0.0 0.0 0.0 0.0 0.0 0.0 0.316 0.0 0.0 0.0 0.0 0.0 0.0 0.0 0.159 0.0 0.0 0.0 0.0 0.17 1.0 0.0 0.0 0.0 0.0 0.0 0.0 0.0 0.0 0.0 0.999 0.0 0.0 0.0 0.0 0.0 0.0 0.0 0.0 0.0 0.0 0.0 0.0 0.0 0.0 0.0 0.0 0.0
0.159 0.0 0.0 0.274 0.474 0.244 0.0 0.221 0.157 0.398 0.605 0.351 0.271 0.46 0.0 0.0 0.0 0.17 0.268 0.324 0.0 0.0 0.171 0.192 0.249 0.228 0.324 0.297 0.0 0.248 0.296 0.192 0.344 0.451 0.0 0.0 0.193 0.0 0.287 0.515 0.0 0.196 0.0 0.342 0.687 0.628 0.206 0.383 0.0 0.0 0.0 0.153 0.309 0.0 0.0 0.0 0.0 0.0 0.0 0.0 0.473 0.0 0.316 0.521 0.927 0.371 0.618 0.0 0.386 0.0 0.424 0.0 0.16 0.0 0.0 0.0 0.0 1.0 0.0 0.0 0.0 0.243 0.0 0.0 0.333 0.0 0.0 0.268 0.0 0.177 0.301 0.183 0.392 0.0 0.163 0.0 0.233 0.0 0.153 0.0 0.0 0.0 0.335 0.0
0.0 0.0 0.0 0.0 0.0 0.0 0.0 0.0 0.0 0.0 0.0 0.0 0.0 0.0 0.272 0.0 0.0 0.0 0.0 0.0 0.0 0.0 0.0 0.0 0.0 0.0 0.0 0.0 0.0 0.0 0.0 0.0 0.0 0.175 0.174 0.0 0.0 0.0 0.264 0.762 0.0 0.0 0.0 0.867 0.325 0.328 0.0 0.0 0.0 0.673 0.237 0.0 0.0 0.0 0.0 0.0 0.0 0.0 0.0 0.0 0.0 0.0 0.0 0.0 0.0 0.0 0.0 0.0 0.0 0.0 0.648 0.0 0.204 0.237 0.0 0.0 0.0 0.0 1.0 0.0 0.0 0.0 0.0 0.0 0.254 0.0 0.0 0.3 0.0 0.0 0.0 0.186 0.0 0.0 0.0 0.156 0.286 0.0 0.0 0.0 0.0 0.0 0.218 0.0
0.0 0.0 0.0 0.0 0.0 0.0 0.0 0.0 0.0 0.0 0.0 0.0 0.0 0.0 0.0 0.0 0.0 0.0 0.0 0.0 0.0 0.0 0.0 0.0 0.0 0.0 0.0 0.0 0.0 0.0 0.0 0.0 0.0 0.0 0.221 0.0 0.0 0.0 0.0 0.0 0.0 0.0 0.0 0.0 0.0 0.0 0.0 0.0 0.0 0.0 0.0 0.0 0.0 0.0 0.0 0.0 0.0 0.0 0.0 0.0 0.0 0.0 0.0 0.0 0.383 0.0 0.0 0.0 0.0 0.0 0.0 0.0 0.0 0.0 0.0 0.0 0.0 0.0 0.0 1.0 0.275 0.0 0.0 0.0 0.0 0.0 0.0 0.0 0.0 0.0 0.0 0.0 0.0 0.0 0.0 0.0 0.0 0.0 0.163 0.232 0.0 0.0 0.0 0.0
0.0 0.0 0.0 0.0 0.0 0.0 0.0 0.0 0.0 0.0 0.0 0.0 0.0 0.0 0.286 0.0 0.0 0.0 0.0 0.0 0.0 0.0 0.0 0.0 0.0 0.0 0.0 0.0 0.0 0.0 0.0 0.0 0.0 0.0 0.0 0.0 0.0 0.0 0.0 0.0 0.0 0.0 0.0 0.0 0.0 0.0 0.0 0.0 0.0 0.0 0.0 0.0 0.0 0.0 0.0 0.0 0.0 0.0 0.0 0.0 0.0 0.0 0.0 0.0 0.0 0.0 0.0 0.0 0.0 0.0 0.324 0.0 0.0 0.0 0.0 0.0 0.0 0.0 0.0 0.275 1.0 0.0 0.0 0.0 0.187 0.0 0.0 0.0 0.0 0.0 0.0 0.0 0.0 0.0 0.0 0.0 0.0 0.235 0.166 0.232 0.342 0.0 0.0 0.0
0.0 0.0 0.0 0.0 0.0 0.0 0.0 0.153 0.0 0.0 0.183 0.0 0.0 0.15 0.0 0.0 0.0 0.259 0.0 0.0 0.0 0.158 0.0 0.0 0.0 0.0 0.162 0.201 0.0 0.0 0.0 0.0 0.159 0.256 0.0 0.0 0.0 0.0 0.332 0.44 0.0 0.0 0.0 0.286 0.295 0.171 0.167 0.85 0.265 0.19 0.0 0.161 0.296 0.0 0.0 0.0 0.0 0.0 0.155 0.235 0.0 0.0 0.257 0.0 0.205 0.0 0.0 0.0 0.0 0.0 0.33 0.0 0.0 0.205 0.0 0.0 0.0 0.243 0.0 0.0 0.0 1.0 0.0 0.0 0.0 0.0 0.0 0.403 0.0 0.0 0.0 0.154 0.0 0.506 0.0 0.0 0.323 0.0 0.0 0.0 0.0 0.0 0.337 0.0
0.0 0.0 0.0 0.0 0.0 0.0 0.0 0.0 0.0 0.0 0.0 0.0 0.0 0.0 0.97 0.0 0.0 0.0 0.0 0.0 0.0 0.0 0.0 0.0 0.0 0.0 0.0 0.0 0.0 0.0 0.0 0.0 0.0 0.0 0.0 0.0 0.0 0.0 0.0 0.34 0.0 0.0 0.0 0.211 0.0 0.0 0.0 0.0 0.0 0.577 0.0 0.0 0.0 0.0 0.0 0.0 0.0 0.0 0.0 0.0 0.0 0.0 0.0 0.0 0.0 0.0 0.0 0.0 0.0 0.0 0.219 0.0 0.0 0.0 0.0 0.0 0.0 0.0 0.0 0.0 0.0 0.0 1.0 0.0 0.0 0.0 0.0 0.0 0.0 0.0 0.0 0.0 0.0 0.0 0.0 0.0 0.0 0.0 0.0 0.0 0.0 0.0 0.0 0.0
0.0 0.0 0.0 0.0 0.0 0.0 0.0 0.0 0.0 0.0 0.0 0.0 0.0 0.0 0.0 0.0 0.0 0.0 0.0 0.0 0.0 0.0 0.0 0.0 0.0 0.0 0.0 0.0 0.0 0.0 0.0 0.0 0.158 0.0 0.0 0.0 0.0 0.0 0.159 0.913 0.0 0.0 0.0 0.286 0.0 0.0 0.0 0.0 0.342 0.196 0.214 0.0 0.0 0.0 0.0 0.0 0.0 0.0 0.0 0.0 0.0 0.0 0.0 0.0 0.0 0.0 0.0 0.0 0.0 0.0 0.351 0.0 0.0 0.268 0.213 0.0 0.0 0.0 0.0 0.0 0.0 0.0 0.0 1.0 0.87 0.0 0.0 0.0 0.0 0.0 0.0 0.0 0.0 0.0 0.0 0.0 0.0 0.0 0.0 0.0 0.0 0.0 0.0 0.0
0.23 0.0 0.0 0.0 0.0 0.0 0.0 0.152 0.0 0.0 0.0 0.0 0.0 0.0 0.0 0.193 0.0 0.282 0.151 0.151 0.0 0.0 0.0 0.0 0.0 0.0 0.0 0.0 0.0 0.0 0.0 0.0 0.0 0.16 0.202 0.755 0.0 0.0 0.655 0.477 0.0 0.301 0.0 0.439 0.378 0.286 0.0 0.161 0.257 0.285 0.0 0.0 0.0 0.0 0.0 0.0 0.228 0.0 0.0 0.202 0.0 0.0 0.272 0.0 0.551 0.0 0.0 0.0 0.0 0.0 0.665 0.0 0.207 0.0 0.0 0.0 0.0 0.333 0.254 0.0 0.187 0.0 0.0 0.87 1.0 0.0 0.0 0.523 0.0 0.229 0.0 0.177 0.348 0.0 0.0 0.165 0.232 0.303 0.408 0.0 0.0 0.0 0.0 0.444
0.0 0.0 0.0 0.0 0.172 0.0 0.222 0.0 0.257 0.0 0.0 0.0 0.0 0.0 0.0 0.606 0.169 0.153 0.0 0.0 0.707 0.54 0.0 0.0 0.0 0.0 0.0 0.0 0.0 0.0 0.0 0.0 0.0 0.0 0.0 0.0 0.0 0.0 0.0 0.0 0.705 0.512 0.494 0.0 0.0 0.0 0.0 0.0 0.0 0.0 0.0 0.333 0.0 0.17 0.21 0.0 0.0 0.0 0.0 0.0 0.0 0.0 0.0 0.0 0.0 0.0 0.0 0.0 0.0 0.0 0.193 0.0 0.0 0.0 0.0 0.0 0.0 0.0 0.0 0.0 0.0 0.0 0.0 0.0 0.0 1.0 0.0 0.306 0.467 0.552 0.0 0.0 0.0 0.182 0.523 0.0 0.0 0.0 0.0 0.0 0.0 0.0 0.0 0.0
0.269 0.0 0.0 0.0 0.0 0.0 0.0 0.0 0.0 0.231 0.0 0.0 0.0 0.0 0.0 0.0 0.0 0.374 0.0 0.0 0.0 0.0 0.0 0.0 0.0 0.0 0.0 0.0 0.0 0.0 0.0 0.0 0.0 0.0 0.0 0.0 0.0 0.0 0.306 0.0 0.0 0.0 0.0 0.0 0.0 0.0 0.0 0.0 0.0 0.0 0.606 0.0 0.0 0.0 0.0 0.0 0.0 0.0 0.0 0.0 0.0 0.0 0.357 0.0 0.0 0.0 0.0 0.0 0.0 0.0 0.25 0.0 0.0 0.168 0.0 0.0 0.999 0.0 0.0 0.0 0.0 0.0 0.0 0.0 0.0 0.0 1.0 0.181 0.0 0.0 0.0 0.0 0.0 0.0 0.0 0.0 0.0 0.0 0.244 0.0 0.373 0.0 0.0 0.0
0.216 0.215 0.0 0.0 0.0 0.0 0.171 0.0 0.0 0.0 0.0 0.0 0.0 0.0 0.0 0.0 0.457 0.757 0.0 0.0 0.317 0.0 0.0 0.0 0.0 0.0 0.0 0.0 0.0 0.0 0.0 0.0 0.0 0.18 0.529 0.266 0.184 0.0 0.566 0.948 0.198 0.0 0.228 0.958 0.267 0.268 0.0 0.463 0.402 0.261 0.25 0.238 0.394 0.306 0.173 0.0 0.207 0.159 0.245 0.32 0.0 0.0 0.587 0.0 0.238 0.0 0.0 0.0 0.0 0.0 0.974 0.0 0.173 0.344 0.0 0.267 0.0 0.268 0.3 0.0 0.0 0.403 0.0 0.0 0.523 0.306 0.181 1.0 0.0 0.0 0.0 0.502 0.0 0.151 0.182 0.57 0.333 0.0 0.757 0.364 0.198 0.0 0.325 0.681
0.0 0.0 0.0 0.0 0.181 0.0 0.0 0.156 0.759 0.223 0.461 0.271 0.0 0.168 0.0 0.0 0.0 0.0 0.0 0.163 0.655 0.566 0.169 0.209 0.519 0.239 0.417 0.295 0.0 0.501 0.477 0.383 0.194 0.245 0.0 0.0 0.0 0.0 0.0 0.152 0.644 0.574 0.456 0.0 0.183 0.0 0.0 0.235 0.195 0.0 0.0 0.0 0.0 0.169 0.191 0.0 0.0 0.0 0.0 0.0 0.0 0.0 0.0 0.344 0.0 0.0 0.277 0.256 0.0 0.0 0.194 0.0 0.0 0.0 0.0 0.0 0.0 0.0 0.0 0.0 0.0 0.0 0.0 0.0 0.0 0.467 0.0 0.0 1.0 0.414 0.192 0.0 0.301 0.333 0.68 0.0 0.0 0.0 0.0 0.0 0.0 0.0 0.0 0.0
0.0 0.208 0.0 0.0 0.0 0.0 0.0 0.0 0.598 0.151 0.261 0.0 0.0 0.0 0.0 0.803 0.0 0.0 0.0 0.0 0.292 0.19 0.0 0.382 0.475 0.233 0.249 0.333 0.0 0.494 0.445 0.376 0.174 0.251 0.0 0.0 0.0 0.0 0.0 0.0 0.24 0.249 0.188 0.0 0.0 0.0 0.0 0.165 0.276 0.0 0.0 0.0 0.0 0.0 0.0 0.0 0.318 0.0 0.0 0.0 0.0 0.0 0.0 0.446 0.0 0.0 0.317 0.151 0.0 0.0 0.31 0.0 0.0 0.0 0.0 0.0 0.0 0.177 0.0 0.0 0.0 0.0 0.0 0.0 0.229 0.552 0.0 0.0 0.414 1.0 0.249 0.0 0.198 0.0 0.277 0.0 0.0 0.0 0.0 0.0 0.0 0.0 0.0 0.0
0.0 0.0 0.0 0.0 0.255 0.0 0.0 0.0 0.363 0.238 0.242 0.241 0.0 0.217 0.0 0.0 0.0 0.0 0.0 0.0 0.0 0.0 0.821 0.74 0.935 0.765 0.83 0.907 0.0 0.86 0.623 0.734 0.452 0.478 0.0 0.0 0.182 0.0 0.0 0.0 0.0 0.178 0.0 0.0 0.0 0.0 0.278 0.174 0.0 0.0 0.218 0.168 0.0 0.0 0.238 0.266 0.0 0.0 0.0 0.0 0.0 0.0 0.0 0.217 0.0 0.174 0.0 0.719 0.0 0.167 0.0 0.0 0.0 0.0 0.0 0.0 0.0 0.301 0.0 0.0 0.0 0.0 0.0 0.0 0.0 0.0 0.0 0.0 0.192 0.249 1.0 0.0 0.0 0.0 0.242 0.0 0.0 0.0 0.0 0.0 0.0 0.0 0.0 0.0
0.0 0.0 0.0 0.662 0.0 0.0 0.0 0.0 0.0 0.0 0.0 0.0 0.165 0.0 0.485 0.0 0.0 0.0 0.0 0.162 0.0 0.0 0.0 0.0 0.0 0.0 0.0 0.0 0.0 0.0 0.0 0.0 0.0 0.0 0.304 0.155 0.508 0.0 0.0 0.0 0.0 0.0 0.0 0.245 0.154 0.221 0.0 0.0 0.0 0.304 0.0 0.0 0.0 0.0 0.0 0.0 0.0 0.0 0.0 0.0 0.0 0.0 0.0 0.0 0.0 0.0 0.0 0.0 0.0 0.0 0.403 0.0 0.156 0.0 0.172 0.0 0.0 0.183 0.186 0.0 0.0 0.154 0.0 0.0 0.177 0.0 0.0 0.502 0.0 0.0 0.0 1.0 0.0 0.0 0.0 0.0 0.261 0.0 0.88 0.977 0.703 0.462 0.0 0.0
0.0 0.0 0.0 0.0 0.577 0.0 0.0 0.0 0.324 0.0 0.23 0.0 0.0 0.0 0.0 0.0 0.0 0.0 0.0 0.0 0.0 0.0 0.158 0.192 0.25 0.16 0.23 0.0 0.0 0.328 0.23 0.215 0.207 0.292 0.0 0.0 0.0 0.0 0.185 0.434 0.168 0.0 0.0 0.261 0.151 0.0 0.0 0.193 0.175 0.0 0.0 0.177 0.0 0.152 0.0 0.0 0.0 0.0 0.0 0.0 0.0 0.0 0.306 0.172 0.61 0.0 0.0 0.156 0.0 0.0 0.785 0.0 0.188 0.0 0.0 0.17 0.0 0.392 0.0 0.0 0.0 0.0 0.0 0.0 0.348 0.0 0.0 0.0 0.301 0.198 0.0 0.0 1.0 0.0 0.195 0.0 0.0 0.0 0.0 0.0 0.0 0.0 0.2 0.0
0.0 0.222 0.0 0.17 0.164 0.0 0.0 0.164 0.295 0.0 0.0 0.0 0.0 0.0 0.0 0.0 0.0 0.0 0.0 0.0 0.288 0.64 0.155 0.0 0.203 0.0 0.0 0.0 0.0 0.0 0.0 0.192 0.0 0.0 0.0 0.0 0.0 0.0 0.164 0.217 0.158 0.341 0.0 0.0 0.0 0.0 0.0 0.52 0.284 0.0 0.0 0.0 0.519 0.39 0.0 0.0 0.0 0.24 0.233 0.0 0.155 0.0 0.0 0.0 0.167 0.216 0.0 0.0 0.0 0.279 0.295 0.0 0.0 0.0 0.0 0.0 0.0 0.0 0.0 0.0 0.0 0.506 0.0 0.0 0.0 0.182 0.0 0.151 0.333 0.0 0.0 0.0 0.0 1.0 0.0 0.0 0.0 0.0 0.0 0.0 0.0 0.0 0.165 0.0
0.0 0.0 0.0 0.0 0.413 0.0 0.0 0.0 0.797 0.0 0.21 0.0 0.0 0.0 0.0 0.158 0.0 0.0 0.0 0.0 0.615 0.468 0.0 0.0 0.392 0.201 0.249 0.453 0.0 0.334 0.27 0.0 0.0 0.171 0.0 0.0 0.0 0.0 0.0 0.218 0.66 0.3 0.549 0.0 0.0 0.0 0.0 0.0 0.173 0.0 0.0 0.0 0.0 0.0 0.0 0.183 0.0 0.0 0.0 0.0 0.0 0.0 0.0 0.349 0.225 0.0 0.245 0.22 0.0 0.0 0.183 0.0 0.0 0.0 0.0 0.0 0.0 0.163 0.0 0.0 0.0 0.0 0.0 0.0 0.0 0.523 0.0 0.182 0.68 0.277 0.242 0.0 0.195 0.0 1.0 0.0 0.0 0.0 0.0 0.0 0.0 0.0 0.0 0.0
0.341 0.0 0.0 0.0 0.0 0.0 0.0 0.0 0.0 0.0 0.0 0.0 0.0 0.0 0.0 0.0 0.204 0.529 0.0 0.0 0.0 0.0 0.0 0.0 0.0 0.0 0.0 0.0 0.0 0.0 0.0 0.0 0.0 0.0 0.0 0.0 0.0 0.0 0.455 0.165 0.0 0.0 0.0 0.412 0.0 0.0 0.0 0.0 0.0 0.0 0.0 0.0 0.0 0.0 0.0 0.0 0.0 0.0 0.0 0.0 0.0 0.0 0.4 0.0 0.0 0.0 0.0 0.0 0.0 0.0 0.528 0.0 0.0 0.0 0.0 0.0 0.0 0.0 0.156 0.0 0.0 0.0 0.0 0.0 0.165 0.0 0.0 0.57 0.0 0.0 0.0 0.0 0.0 0.0 0.0 1.0 0.288 0.0 0.211 0.0 0.0 0.0 0.164 0.202
0.217 0.0 0.0 0.0 0.0 0.265 0.0 0.193 0.0 0.0 0.0 0.0 0.0 0.0 0.0 0.0 0.0 0.603 0.0 0.204 0.0 0.0 0.0 0.0 0.0 0.0 0.0 0.0 0.0 0.0 0.0 0.0 0.0 0.0 0.161 0.0 0.0 0.0 0.693 0.504 0.0 0.0 0.0 0.969 0.0 0.0 0.0 0.309 0.181 0.323 0.919 0.0 0.323 0.0 0.0 0.0 0.0 0.203 0.235 0.188 0.0 0.0 0.516 0.0 0.0 0.0 0.0 0.0 0.0 0.0 0.683 0.0 0.0 0.297 0.0 0.242 0.0 0.233 0.286 0.0 0.0 0.323 0.0 0.0 0.232 0.0 0.0 0.333 0.0 0.0 0.0 0.261 0.0 0.0 0.0 0.288 1.0 0.0 0.0 0.0 0.0 0.195 0.506 0.0
0.0 0.0 0.0 0.0 0.0 0.0 0.0 0.0 0.0 0.0 0.0 0.0 0.0 0.0 0.0 0.0 0.0 0.0 0.0 0.0 0.0 0.0 0.0 0.0 0.0 0.0 0.0 0.0 0.0 0.0 0.0 0.0 0.0 0.0 0.162 0.0 0.0 0.0 0.155 0.15 0.0 0.0 0.0 0.243 0.0 0.0 0.0 0.0 0.0 0.183 0.0 0.0 0.0 0.152 0.0 0.0 0.0 0.0 0.0 0.0 0.0 0.0 0.0 0.0 0.0 0.0 0.0 0.0 0.0 0.0 0.439 0.0 0.0 0.0 0.0 0.0 0.0 0.0 0.0 0.0 0.235 0.0 0.0 0.0 0.303 0.0 0.0 0.0 0.0 0.0 0.0 0.0 0.0 0.0 0.0 0.0 0.0 1.0 0.21 0.0 0.0 0.0 0.0 0.0
0.0 0.0 0.0 0.0 0.307 0.0 0.0 0.0 0.0 0.0 0.0 0.0 0.0 0.0 0.199 0.166 0.0 0.181 0.0 0.0 0.0 0.0 0.0 0.0 0.0 0.0 0.292 0.292 0.0 0.0 0.0 0.0 0.193 0.455 0.158 0.28 0.0 0.0 0.154 0.236 0.0 0.0 0.202 0.274 0.315 0.38 0.317 0.0 0.0 0.181 0.0 0.0 0.0 0.0 0.0 0.45 0.198 0.0 0.0 0.0 0.209 0.0 0.236 0.317 0.0 0.203 0.233 0.0 0.0 0.221 0.181 0.0 0.0 0.0 0.0 0.0 0.0 0.153 0.0 0.163 0.166 0.0 0.0 0.0 0.408 0.0 0.244 0.757 0.0 0.0 0.0 0.88 0.0 0.0 0.0 0.211 0.0 0.21 1.0 0.996 0.96 0.479 0.0 0.228
0.0 0.0 0.0 0.0 0.0 0.0 0.0 0.0 0.0 0.0 0.0 0.0 0.0 0.0 0.0 0.0 0.0 0.0 0.0 0.0 0.0 0.0 0.0 0.0 0.0 0.0 0.0 0.0 0.0 0.0 0.0 0.0 0.0 0.0 0.0 0.254 0.0 0.0 0.0 0.0 0.0 0.0 0.0 0.0 0.0 0.186 0.0 0.0 0.0 0.242 0.0 0.0 0.0 0.0 0.0 0.0 0.0 0.0 0.0 0.0 0.0 0.0 0.151 0.0 0.0 0.0 0.0 0.0 0.0 0.0 0.208 0.0 0.0 0.0 0.0 0.0 0.0 0.0 0.0 0.232 0.232 0.0 0.0 0.0 0.0 0.0 0.0 0.364 0.0 0.0 0.0 0.977 0.0 0.0 0.0 0.0 0.0 0.0 0.996 1.0 0.992 0.457 0.0 0.0
0.0 0.0 0.0 0.0 0.0 0.0 0.0 0.0 0.0 0.0 0.0 0.0 0.0 0.0 0.0 0.0 0.0 0.0 0.0 0.0 0.0 0.0 0.0 0.0 0.0 0.0 0.0 0.0 0.0 0.0 0.0 0.0 0.0 0.0 0.0 0.157 0.0 0.0 0.0 0.0 0.0 0.0 0.0 0.0 0.0 0.0 0.0 0.0 0.0 0.322 0.0 0.0 0.0 0.0 0.0 0.0 0.0 0.0 0.0 0.0 0.0 0.0 0.0 0.0 0.0 0.0 0.0 0.0 0.0 0.0 0.0 0.0 0.0 0.0 0.0 0.0 0.0 0.0 0.0 0.0 0.342 0.0 0.0 0.0 0.0 0.0 0.373 0.198 0.0 0.0 0.0 0.703 0.0 0.0 0.0 0.0 0.0 0.0 0.96 0.992 1.0 0.523 0.0 0.0
0.0 0.0 0.0 0.0 0.0 0.0 0.0 0.0 0.0 0.0 0.0 0.0 0.0 0.0 0.0 0.0 0.0 0.0 0.0 0.0 0.0 0.0 0.0 0.0 0.0 0.0 0.0 0.0 0.0 0.0 0.0 0.0 0.0 0.0 0.0 0.0 0.0 0.0 0.252 0.0 0.0 0.0 0.0 0.0 0.0 0.0 0.0 0.0 0.0 0.0 0.0 0.0 0.335 0.0 0.0 0.0 0.0 0.0 0.0 0.0 0.0 0.0 0.0 0.0 0.0 0.0 0.0 0.0 0.0 0.0 0.0 0.0 0.0 0.0 0.0 0.362 0.0 0.0 0.0 0.0 0.0 0.0 0.0 0.0 0.0 0.0 0.0 0.0 0.0 0.0 0.0 0.462 0.0 0.0 0.0 0.0 0.195 0.0 0.479 0.457 0.523 1.0 0.0 0.0
0.0 0.165 0.0 0.323 0.173 0.191 0.0 0.293 0.357 0.0 0.272 0.0 0.655 0.0 0.0 0.235 0.321 0.165 0.0 0.0 0.0 0.234 0.247 0.0 0.215 0.174 0.0 0.165 0.0 0.2 0.161 0.213 0.752 0.591 0.284 0.0 0.364 0.0 0.394 0.605 0.0 0.232 0.352 0.392 0.266 0.47 0.209 0.282 0.16 0.0 0.174 0.0 0.228 0.0 0.0 0.295 0.681 0.323 0.297 0.602 0.19 0.195 0.315 0.179 0.37 0.0 0.0 0.0 0.325 0.292 0.535 0.0 0.0 0.233 0.0 0.0 0.0 0.335 0.218 0.0 0.0 0.337 0.0 0.0 0.0 0.0 0.0 0.325 0.0 0.0 0.0 0.0 0.2 0.165 0.0 0.164 0.506 0.0 0.0 0.0 0.0 0.0 1.0 0.0
0.0 0.0 0.0 0.0 0.0 0.0 0.0 0.0 0.0 0.0 0.0 0.0 0.0 0.0 0.0 0.0 0.0 0.942 0.0 0.0 0.0 0.0 0.0 0.0 0.0 0.0 0.0 0.0 0.0 0.0 0.0 0.0 0.0 0.0 0.266 0.0 0.0 0.0 0.405 0.166 0.0 0.0 0.0 0.367 0.0 0.0 0.0 0.0 0.0 0.0 0.0 0.0 0.0 0.0 0.0 0.0 0.0 0.0 0.0 0.0 0.0 0.0 0.512 0.0 0.0 0.0 0.0 0.0 0.0 0.0 0.558 0.0 0.0 0.17 0.0 0.197 0.0 0.0 0.0 0.0 0.0 0.0 0.0 0.0 0.444 0.0 0.0 0.681 0.0 0.0 0.0 0.0 0.0 0.0 0.0 0.202 0.0 0.0 0.228 0.0 0.0 0.0 0.0 1.0
